NC_003552	4343902	100.00	95	0	0	479	573	1	95	2e-42	176
NC_003901	206978	100.00	94	0	0	476	569	1	94	8e-42	174
NC_007355	206978	100.00	94	0	0	479	572	1	94	8e-42	174
NC_007681	152466	98.00	100	2	0	482	581	1	100	8e-42	174
NC_009464	233066	97.44	117	3	0	479	595	1	117	1e-49	200
NC_009515	849440	100.00	140	0	0	478	617	1	140	2e-67	259
NC_009712	New.5.CleanUp.ReferenceOTU93334	97.58	124	3	0	495	618	27	150	2e-53	213
NC_011832	549891	100.00	80	0	0	468	547	1	80	5e-34	148
NC_012632	1132905	97.03	101	3	0	846	946	101	1	1e-40	171
NC_012726	1132905	97.03	101	3	0	846	946	101	1	1e-40	171
NC_013967	616997	97.56	82	2	0	472	553	1	82	8e-32	141
NC_014002	2940299	97.33	150	4	0	474	623	1	150	3e-66	255
NC_015216	New.5.CleanUp.ReferenceOTU284098	100.00	123	0	0	508	630	28	150	6e-58	228
NC_015676	New.36.CleanUp.ReferenceOTU938882	97.30	74	2	0	503	576	27	100	2e-27	126
NC_017034	254640	98.98	98	1	0	472	569	1	98	2e-42	176
NC_017275	1132905	97.03	101	3	0	846	946	101	1	1e-40	171
NC_017276	1132905	97.03	101	3	0	846	946	101	1	1e-40	171
NC_018876	2940299	97.33	150	4	0	473	622	1	150	3e-66	255
NC_021058	1132905	97.03	101	3	0	846	946	101	1	1e-40	171
NC_000913	141145	100.00	150	0	0	534	683	1	150	6e-73	278
NC_000963	112194	99.33	150	1	0	500	649	1	150	3e-71	272
NC_000964	4441266	100.00	150	0	0	543	692	1	150	6e-73	278
NC_001263	786067	98.00	100	2	0	502	601	1	100	8e-42	174
NC_002516	827497	98.00	150	3	0	528	677	1	150	6e-68	261
NC_002570	1125065	98.57	140	2	0	541	680	1	140	5e-64	248
NC_002678	513360	98.00	150	3	0	474	623	1	150	6e-68	261
NC_002927	4483058	100.00	150	0	0	535	684	1	150	6e-73	278
NC_002936	29714	100.00	100	0	0	495	594	1	100	4e-45	185
NC_002937	1720567	100.00	133	0	0	531	663	1	133	2e-63	246
NC_002939	2654188	97.97	148	3	0	544	691	1	148	8e-67	257
NC_002944	264791	98.67	150	2	0	523	672	1	150	1e-69	267
NC_002971	New.13.CleanUp.ReferenceOTU30545	97.30	148	4	0	532	679	3	150	3e-65	252
NC_003030	1055222	100.00	100	0	0	500	599	1	100	4e-45	185
NC_003062	4045633	98.67	150	2	0	471	620	1	150	1e-69	267
NC_003155	77193	98.64	147	2	0	508	654	1	147	6e-68	261
NC_003197	676211	99.33	150	1	0	524	673	1	150	3e-71	272
NC_003272	New.59.CleanUp.ReferenceOTU220271	97.58	124	3	0	479	602	1	124	2e-53	213
NC_003295	651436	99.33	150	1	0	537	686	1	150	3e-71	272
NC_003366	4448928	99.34	152	1	0	512	663	1	152	2e-72	276
NC_003902	780788	98.59	142	2	0	536	677	1	142	4e-65	252
NC_003909	1532107	100.00	150	0	0	545	694	1	150	6e-73	278
NC_003997	1532107	100.00	150	0	0	516	665	1	150	6e-73	278
NC_004129	2534143	100.00	150	0	0	530	679	1	150	6e-73	278
NC_004347	829702	98.00	150	3	0	525	674	1	150	6e-68	261
NC_004369	650171	99.33	150	1	0	510	659	1	150	3e-71	272
NC_004463	245495	98.68	151	2	0	480	630	1	151	3e-70	268
NC_004547	555725	97.33	150	4	0	538	687	1	150	3e-66	255
NC_004557	2234838	98.00	100	2	0	511	610	1	100	8e-42	174
NC_004631	676211	99.33	150	1	0	536	685	1	150	3e-71	272
NC_004663	3745352	98.60	143	2	0	438	580	1	143	9e-66	254
NC_004722	1532107	100.00	150	0	0	545	694	1	150	6e-73	278
NC_004757	New.19.CleanUp.ReferenceOTU21714	98.01	151	3	0	534	684	1	151	2e-68	263
NC_005085	New.5.CleanUp.ReferenceOTU257512	97.33	150	4	0	535	684	1	150	3e-66	255
NC_005296	62406	99.33	150	1	0	481	630	1	150	3e-71	272
NC_005363	New.59.CleanUp.ReferenceOTU610900	97.93	145	3	0	515	659	1	145	4e-65	252
NC_005773	2534143	99.33	150	1	0	530	679	1	150	3e-71	272
NC_005945	1532107	100.00	150	0	0	516	665	1	150	6e-73	278
NC_005966	584176	98.00	150	3	0	532	681	1	150	6e-68	261
NC_006155	274754	100.00	150	0	0	537	686	1	150	6e-73	278
NC_006177	New.19.CleanUp.ReferenceOTU16224	97.97	148	2	1	548	694	1	148	3e-66	255
NC_006274	1532107	100.00	150	0	0	544	693	1	150	6e-73	278
NC_006322	4301491	98.67	150	2	0	545	694	1	150	1e-69	267
NC_006350	3423513	98.00	150	3	0	529	678	1	150	6e-68	261
NC_006361	4393724	100.00	150	0	0	501	650	1	150	6e-73	278
NC_006368	New.5.CleanUp.ReferenceOTU328310	97.33	150	4	0	534	683	1	150	3e-66	255
NC_006369	7920	97.33	150	4	0	534	683	1	150	3e-66	255
NC_006511	676211	99.33	150	1	0	536	685	1	150	3e-71	272
NC_006513	161269	98.67	150	2	0	532	681	1	150	1e-69	267
NC_006582	4380901	98.67	150	2	0	544	693	1	150	1e-69	267
NC_006834	780788	98.59	142	2	0	536	677	1	142	4e-65	252
NC_006905	676211	99.33	150	1	0	536	685	1	150	3e-71	272
NC_006932	823809	98.68	152	2	0	477	628	1	152	1e-70	270
NC_006958	650171	99.33	150	1	0	518	667	1	150	3e-71	272
NC_007086	780788	98.59	142	2	0	536	677	1	142	4e-65	252
NC_007164	650171	98.67	150	2	0	519	668	1	150	1e-69	267
NC_007168	137056	100.00	150	0	0	542	691	1	150	6e-73	278
NC_007204	New.42.CleanUp.ReferenceOTU24973	97.28	147	4	0	576	722	1	147	1e-64	250
NC_007298	779751	98.67	150	2	0	532	681	1	150	1e-69	267
NC_007333	New.19.CleanUp.ReferenceOTU8278	97.33	150	4	0	523	672	2	151	3e-66	255
NC_007356	29714	100.00	97	0	0	494	590	1	97	2e-43	180
NC_007404	72646	99.33	150	1	0	537	686	1	150	3e-71	272
NC_007406	829415	98.67	150	2	0	481	630	1	150	1e-69	267
NC_007434	3423513	98.00	150	3	0	531	680	1	150	6e-68	261
NC_007492	New.59.CleanUp.ReferenceOTU859884	100.00	144	0	0	528	671	1	144	1e-69	267
NC_007493	831098	98.67	150	2	0	475	624	1	150	1e-69	267
NC_007498	New.13.CleanUp.ReferenceOTU513670	98.64	147	2	0	547	693	1	147	6e-68	261
NC_007508	141976	97.33	150	4	0	536	685	1	150	3e-66	255
NC_007510	3423513	98.00	150	3	0	532	681	1	150	6e-68	261
NC_007512	New.5.CleanUp.ReferenceOTU527489	97.33	150	4	0	518	667	1	150	3e-66	255
NC_007514	141021	99.00	100	1	0	520	619	1	100	2e-43	180
NC_007517	109573	98.64	147	2	0	544	690	1	147	6e-68	261
NC_007530	1532107	100.00	150	0	0	544	693	1	150	6e-73	278
NC_007613	141145	100.00	150	0	0	536	685	1	150	6e-73	278
NC_007614	New.59.CleanUp.ReferenceOTU905875	99.31	145	1	0	537	681	7	151	2e-68	263
NC_007618	823809	98.68	152	2	0	477	628	1	152	1e-70	270
NC_007651	3423513	98.00	150	3	0	531	680	1	150	6e-68	261
NC_007761	4338661	100.00	150	0	0	475	624	1	150	6e-73	278
NC_007775	New.28.CleanUp.ReferenceOTU355847	99.01	101	1	0	480	580	1	101	5e-44	182
NC_007777	New.59.CleanUp.ReferenceOTU385905	98.00	150	3	0	500	649	2	151	6e-68	261
NC_007778	245495	98.01	151	3	0	481	631	1	151	2e-68	263
NC_007794	4381473	98.67	150	2	0	476	625	1	150	1e-69	267
NC_007880	144057	97.01	134	4	0	525	658	1	134	2e-57	226
NC_007907	161579	100.00	151	0	0	652	802	1	151	2e-73	279
NC_007925	239139	99.33	150	1	0	481	630	1	150	3e-71	272
NC_007947	2221290	97.35	151	4	0	535	685	1	151	8e-67	257
NC_007948	350563	98.67	150	2	0	532	681	1	150	1e-69	267
NC_007958	245495	98.01	151	3	0	481	631	1	151	2e-68	263
NC_007963	108433	100.00	115	0	0	532	646	1	115	2e-53	213
NC_007964	245495	97.35	151	4	0	481	631	1	151	7e-67	257
NC_007969	New.42.CleanUp.ReferenceOTU24973	97.28	147	4	0	577	723	1	147	1e-64	250
NC_007973	4369229	100.00	144	0	0	533	676	1	144	1e-69	267
NC_008009	New.59.CleanUp.ReferenceOTU14056	97.10	138	4	0	500	637	14	151	1e-59	233
NC_008027	821119	100.00	147	0	0	533	679	6	152	3e-71	272
NC_008095	New.59.ReferenceOTU2700	97.32	149	2	2	545	692	1	148	4e-65	252
NC_008146	New.59.CleanUp.ReferenceOTU1330879	99.31	145	1	0	514	658	1	145	2e-68	263
NC_008149	274754	100.00	150	0	0	537	686	1	150	6e-73	278
NC_008150	274754	100.00	150	0	0	537	686	1	150	6e-73	278
NC_008245	144057	97.01	134	4	0	524	657	1	134	2e-57	226
NC_008254	New.42.CleanUp.ReferenceOTU91488	97.35	151	4	0	476	626	1	151	7e-67	257
NC_008255	New.59.CleanUp.ReferenceOTU785688	100.00	140	0	0	539	678	12	151	2e-67	259
NC_008261	4448928	99.34	152	1	0	511	662	1	152	2e-72	276
NC_008268	136453	99.33	150	1	0	507	656	1	150	3e-71	272
NC_008278	New.59.CleanUp.ReferenceOTU582834	98.01	151	1	2	499	648	1	150	6e-68	261
NC_008313	61812	98.67	150	2	0	533	682	1	150	1e-69	267
NC_008343	New.7.CleanUp.ReferenceOTU246283	97.60	125	3	0	485	609	1	125	5e-54	215
NC_008380	4338661	100.00	150	0	0	475	624	1	150	6e-73	278
NC_008390	3423513	98.00	150	3	0	532	681	1	150	6e-68	261
NC_008435	239139	98.67	150	2	0	481	630	1	150	1e-69	267
NC_008463	827497	98.00	150	3	0	528	677	1	150	6e-68	261
NC_008497	4431608	98.11	106	2	0	559	664	1	106	4e-45	185
NC_008536	New.59.CleanUp.ReferenceOTU792497	98.00	150	3	0	491	640	1	150	6e-68	261
NC_008541	56625	100.00	150	0	0	511	660	1	150	6e-73	278
NC_008542	3423513	98.00	150	3	0	532	681	1	150	6e-68	261
NC_008593	New.9.CleanUp.ReferenceOTU182843	97.37	152	4	0	511	662	1	152	2e-67	259
NC_008595	264791	98.67	150	2	0	523	672	1	150	1e-69	267
NC_008609	4444550	99.32	148	1	0	548	695	1	148	4e-70	268
NC_008699	4437318	97.33	150	4	0	519	668	1	150	3e-66	255
NC_008700	3505032	97.33	150	4	0	540	689	1	150	3e-66	255
NC_008702	161269	98.00	150	3	0	532	681	1	150	6e-68	261
NC_008705	New.59.CleanUp.ReferenceOTU1330879	99.31	145	1	0	514	658	1	145	2e-68	263
NC_008711	4318815	100.00	150	0	0	513	662	1	150	6e-73	278
NC_008740	4119088	97.28	147	4	0	532	678	1	147	1e-64	250
NC_008752	1120966	98.67	150	2	0	531	680	1	150	1e-69	267
NC_008781	4395995	98.00	150	3	0	525	674	1	150	6e-68	261
NC_008782	4044599	99.33	150	1	0	531	680	1	150	3e-71	272
NC_008825	781055	98.67	150	2	0	533	682	1	150	1e-69	267
NC_009012	4309134	97.14	140	4	0	519	658	1	140	1e-60	237
NC_009049	831098	98.67	150	2	0	477	626	1	150	1e-69	267
NC_009074	3423513	98.00	150	3	0	531	680	1	150	6e-68	261
NC_009076	3423513	98.00	150	3	0	531	680	1	150	6e-68	261
NC_009077	New.59.CleanUp.ReferenceOTU1330879	99.31	145	1	0	514	658	1	145	2e-68	263
NC_009256	3423513	97.33	150	4	0	532	681	1	150	3e-66	255
NC_009328	New.19.CleanUp.ReferenceOTU3126	97.92	144	2	1	547	690	1	143	5e-64	248
NC_009338	90701	100.00	150	0	0	511	660	1	150	6e-73	278
NC_009342	650171	99.33	150	1	0	516	665	1	150	3e-71	272
NC_009380	1137749	98.00	150	3	0	505	654	1	150	6e-68	261
NC_009428	238148	97.33	150	4	0	477	626	1	150	3e-66	255
NC_009434	821119	99.34	152	1	0	528	679	1	152	2e-72	276
NC_009436	210269	100.00	150	0	0	536	685	1	150	6e-73	278
NC_009438	829702	100.00	150	0	0	538	687	1	150	6e-73	278
NC_009439	312988	100.00	150	0	0	528	677	1	150	6e-73	278
NC_009441	264229	98.67	150	2	0	523	672	1	150	1e-69	267
NC_009445	245495	98.68	151	2	0	481	631	1	151	3e-70	268
NC_009455	29714	100.00	97	0	0	494	590	1	97	2e-43	180
NC_009480	New.59.CleanUp.ReferenceOTU1260109	100.00	140	0	0	524	663	12	151	2e-67	259
NC_009483	4403866	98.00	150	3	0	544	693	1	150	6e-68	261
NC_009494	New.5.CleanUp.ReferenceOTU328310	97.33	150	4	0	534	683	1	150	3e-66	255
NC_009505	823809	98.68	152	2	0	477	628	1	152	1e-70	270
NC_009511	New.59.CleanUp.ReferenceOTU1055532	97.33	150	4	0	478	627	1	150	3e-66	255
NC_009512	277094	99.33	150	1	0	528	677	1	150	3e-71	272
NC_009524	4295725	99.33	150	1	0	574	723	1	150	3e-71	272
NC_009565	264791	98.67	150	2	0	525	674	1	150	1e-69	267
NC_009617	541328	98.68	151	2	0	508	658	1	151	4e-70	268
NC_009648	210269	100.00	150	0	0	536	685	1	150	6e-73	278
NC_009654	3691753	99.33	150	1	0	532	681	1	150	3e-71	272
NC_009659	537961	100.00	150	0	0	537	686	1	150	6e-73	278
NC_009664	240451	99.33	150	1	0	507	656	1	150	3e-71	272
NC_009667	823809	98.68	152	2	0	477	628	1	152	1e-70	270
NC_009674	1532107	98.67	150	2	0	545	694	1	150	1e-69	267
NC_009675	New.7.CleanUp.ReferenceOTU173727	97.60	125	3	0	550	674	6	130	5e-54	215
NC_009698	511129	98.52	135	2	0	499	633	1	135	3e-61	239
NC_009706	4360991	100.00	100	0	0	509	608	1	100	4e-45	185
NC_009715	4401957	98.00	100	2	0	773	872	1	100	9e-42	174
NC_009720	New.59.CleanUp.ReferenceOTU512154	97.20	143	4	0	474	616	1	143	2e-62	243
NC_009725	4441266	100.00	150	0	0	542	691	1	150	6e-73	278
NC_009792	141145	98.67	150	2	0	538	687	1	150	1e-69	267
NC_009802	4401957	100.00	100	0	0	506	605	1	100	4e-45	185
NC_009832	274754	100.00	150	0	0	536	685	1	150	6e-73	278
NC_009848	4477551	100.00	150	0	0	537	686	1	150	6e-73	278
NC_009943	257496	98.00	100	2	0	553	652	1	100	8e-42	174
NC_009953	1137749	98.00	150	3	0	505	654	1	150	6e-68	261
NC_010001	159911	98.01	151	3	0	524	674	1	151	2e-68	263
NC_010002	4469492	100.00	150	0	0	531	680	1	150	6e-73	278
NC_010084	New.59.CleanUp.ReferenceOTU36879	97.96	147	3	0	532	678	1	147	3e-66	255
NC_010103	823809	98.68	152	2	0	477	628	1	152	1e-70	270
NC_010162	New.7.CleanUp.ReferenceOTU119570	98.67	150	2	0	545	694	1	150	1e-69	267
NC_010168	56625	99.33	150	1	0	525	674	1	150	3e-71	272
NC_010169	823809	98.68	152	2	0	477	628	1	152	1e-70	270
NC_010170	4483058	100.00	150	0	0	535	684	1	150	6e-73	278
NC_010172	New.5.CleanUp.ReferenceOTU167726	97.35	151	2	2	481	630	1	150	3e-66	255
NC_010184	1532107	100.00	150	0	0	544	693	1	150	6e-73	278
NC_010322	277094	99.33	150	1	0	528	677	1	150	3e-71	272
NC_010336	144057	97.76	134	3	0	523	656	1	134	5e-59	231
NC_010338	161154	100.00	150	0	0	478	627	1	150	6e-73	278
NC_010465	274754	100.00	150	0	0	537	686	1	150	6e-73	278
NC_010468	141145	100.00	150	0	0	536	685	1	150	6e-73	278
NC_010473	141145	100.00	150	0	0	536	685	1	150	6e-73	278
NC_010501	277094	98.67	150	2	0	528	677	1	150	1e-69	267
NC_010505	572586	98.67	150	2	0	479	628	1	150	1e-69	267
NC_010508	3423513	98.00	150	3	0	532	681	1	150	6e-68	261
NC_010511	89412	100.00	92	0	0	479	570	1	92	1e-40	171
NC_010516	511129	98.52	135	2	0	509	643	1	135	3e-61	239
NC_010520	511129	98.52	135	2	0	509	643	1	135	3e-61	239
NC_010524	1855596	97.33	150	4	0	529	678	1	150	3e-66	255
NC_010551	3423513	98.00	150	3	0	532	681	1	150	6e-68	261
NC_010554	3610691	99.32	148	1	0	536	683	1	148	4e-70	268
NC_010556	New.52.CleanUp.ReferenceOTU144875	100.00	138	0	0	565	702	14	151	3e-66	255
NC_010571	New.59.CleanUp.ReferenceOTU403605	97.16	141	4	0	558	698	11	151	3e-61	239
NC_010572	77193	98.64	147	2	0	508	654	1	147	6e-68	261
NC_010581	New.5.CleanUp.ReferenceOTU370784	99.30	143	1	0	479	621	1	143	2e-67	259
NC_010602	574140	97.89	95	2	0	492	586	1	95	5e-39	165
NC_010617	271644	99.33	150	1	0	517	666	1	150	3e-71	272
NC_010622	New.59.CleanUp.ReferenceOTU920903	98.64	147	2	0	530	676	1	147	6e-68	261
NC_010628	New.59.CleanUp.ReferenceOTU1396002	99.29	140	1	0	490	629	12	151	1e-65	254
NC_010634	274754	100.00	150	0	0	537	686	1	150	6e-73	278
NC_010677	144057	97.01	134	4	0	525	658	1	134	2e-57	226
NC_010681	New.59.CleanUp.ReferenceOTU454412	97.33	150	4	0	531	680	2	151	3e-66	255
NC_010682	136025	98.67	150	2	0	539	688	1	150	1e-69	267
NC_010688	780788	98.59	142	2	0	536	677	1	142	4e-65	252
NC_010694	210269	99.33	150	1	0	534	683	1	150	3e-71	272
NC_010725	New.5.CleanUp.ReferenceOTU167726	97.35	151	2	2	481	630	1	150	3e-66	255
NC_010814	1143602	98.00	150	3	0	546	695	1	150	6e-68	261
NC_010842	574140	97.89	95	2	0	492	586	1	95	5e-39	165
NC_010943	New.52.CleanUp.ReferenceOTU39319	99.31	145	0	1	543	686	7	151	6e-68	261
NC_010994	4338661	100.00	150	0	0	475	624	1	150	6e-73	278
NC_010995	New.19.CleanUp.ReferenceOTU36857	97.96	147	3	0	526	672	1	147	3e-66	255
NC_011004	62406	99.33	150	1	0	481	630	1	150	3e-71	272
NC_011071	635524	100.00	150	0	0	536	685	1	150	6e-73	278
NC_011080	676211	99.33	150	1	0	536	685	1	150	3e-71	272
NC_011083	676211	99.33	150	1	0	536	685	1	150	3e-71	272
NC_011094	676211	99.33	150	1	0	536	685	1	150	3e-71	272
NC_011146	New.59.CleanUp.ReferenceOTU406055	100.00	144	0	0	547	690	1	144	1e-69	267
NC_011149	676211	99.33	150	1	0	536	685	1	150	3e-71	272
NC_011205	676211	99.33	150	1	0	536	685	1	150	3e-71	272
NC_011365	New.42.CleanUp.ReferenceOTU25644	97.37	152	2	2	481	631	1	151	8e-67	257
NC_011369	4338661	100.00	150	0	0	475	624	1	150	6e-73	278
NC_011658	1532107	100.00	150	0	0	545	694	1	150	6e-73	278
NC_011662	4464495	99.32	147	1	0	535	681	1	147	1e-69	267
NC_011666	New.59.CleanUp.ReferenceOTU1385911	98.68	151	2	0	484	634	1	151	3e-70	268
NC_011725	1532107	100.00	150	0	0	544	693	1	150	6e-73	278
NC_011726	New.36.CleanUp.ReferenceOTU1183812	97.00	100	3	0	477	576	1	100	4e-40	169
NC_011729	New.33.CleanUp.ReferenceOTU25588	97.40	77	2	0	478	554	1	77	5e-29	132
NC_011757	New.5.CleanUp.ReferenceOTU167726	97.35	151	2	2	481	630	1	150	3e-66	255
NC_011769	3203828	99.29	140	1	0	541	680	1	140	1e-65	254
NC_011770	827497	98.00	150	3	0	528	677	1	150	6e-68	261
NC_011772	1532107	100.00	150	0	0	544	693	1	150	6e-73	278
NC_011773	1532107	100.00	150	0	0	544	693	1	150	6e-73	278
NC_011830	161579	100.00	151	0	0	554	704	1	151	2e-73	279
NC_011837	4360991	100.00	100	0	0	509	608	1	100	4e-45	185
NC_011884	519568	98.02	101	2	0	478	578	1	101	2e-42	176
NC_011886	56625	100.00	150	0	0	512	661	1	150	6e-73	278
NC_011898	15960	97.83	138	3	0	649	786	1	138	3e-61	239
NC_011963	831098	98.67	150	2	0	477	626	1	150	1e-69	267
NC_011969	1532107	100.00	150	0	0	544	693	1	150	6e-73	278
NC_011979	284868	99.33	150	1	0	548	697	1	150	3e-71	272
NC_011985	4338661	100.00	150	0	0	476	625	1	150	6e-73	278
NC_011989	4045633	98.00	150	3	0	476	625	1	150	6e-68	261
NC_011992	4044599	99.33	150	1	0	531	680	1	150	3e-71	272
NC_012004	4424239	99.34	152	1	0	538	689	1	152	2e-72	276
NC_012039	New.45.CleanUp.ReferenceOTU89862	97.47	79	2	0	510	588	1	79	4e-30	135
NC_012207	264791	98.67	150	2	0	525	674	1	150	1e-69	267
NC_012214	676211	98.67	150	2	0	534	683	1	150	1e-69	267
NC_012438	111129	100.00	88	0	0	501	588	1	88	2e-38	163
NC_012472	1532107	100.00	150	0	0	544	693	1	150	6e-73	278
NC_012489	New.59.CleanUp.ReferenceOTU1221851	97.33	150	4	0	514	663	1	150	3e-66	255
NC_012491	New.52.CleanUp.ReferenceOTU27360	98.55	138	2	0	544	681	14	151	6e-63	244
NC_012522	New.59.CleanUp.ReferenceOTU1072262	100.00	140	0	0	518	657	12	151	2e-67	259
NC_012526	4328482	97.20	107	1	2	507	612	1	106	2e-43	180
NC_012560	1119053	100.00	150	0	0	527	676	1	150	6e-73	278
NC_012563	511129	98.52	135	2	0	509	643	1	135	3e-61	239
NC_012658	511129	98.52	135	2	0	509	643	1	135	3e-61	239
NC_012659	1532107	100.00	150	0	0	544	693	1	150	6e-73	278
NC_012660	4352233	100.00	150	0	0	528	677	1	150	6e-73	278
NC_012669	New.59.CleanUp.ReferenceOTU874861	97.87	141	3	0	528	668	11	151	6e-63	244
NC_012673	4480598	99.34	151	1	0	553	703	1	151	8e-72	274
NC_012724	3423513	98.00	150	3	0	533	682	1	150	6e-68	261
NC_012731	210269	100.00	150	0	0	536	685	1	150	6e-73	278
NC_012778	316732	99.34	152	1	0	526	677	1	152	2e-72	276
NC_012791	New.7.CleanUp.ReferenceOTU185892	98.64	147	2	0	533	679	1	147	6e-68	261
NC_012796	831352	100.00	100	0	0	543	642	1	100	4e-45	185
NC_012803	4422405	100.00	150	0	0	511	660	1	150	6e-73	278
NC_012850	4338661	100.00	150	0	0	475	624	1	150	6e-73	278
NC_012856	136025	98.67	150	2	0	539	688	1	150	1e-69	267
NC_012881	4308446	100.00	95	0	0	546	640	1	95	2e-42	176
NC_012917	274365	99.33	150	1	0	537	686	1	150	3e-71	272
NC_012918	4403866	98.67	150	2	0	547	696	1	150	1e-69	267
NC_012947	141145	100.00	150	0	0	536	685	1	150	6e-73	278
NC_012967	141145	100.00	150	0	0	536	685	1	150	6e-73	278
NC_012971	141145	100.00	150	0	0	536	685	1	150	6e-73	278
NC_012988	New.5.CleanUp.ReferenceOTU167726	97.35	151	2	2	481	630	1	150	3e-66	255
NC_013016	308848	97.74	133	3	0	541	673	1	133	2e-58	230
NC_013061	New.53.CleanUp.ReferenceOTU131085	99.31	144	1	0	528	671	1	144	6e-68	261
NC_013062	102388	97.14	140	4	0	523	662	1	140	1e-60	237
NC_013119	823809	98.68	152	2	0	477	628	1	152	1e-70	270
NC_013131	New.59.CleanUp.ReferenceOTU733275	97.35	151	4	0	503	653	1	151	8e-67	257
NC_013132	New.52.CleanUp.ReferenceOTU8235	97.35	151	4	0	529	679	1	151	8e-67	257
NC_013159	13024	98.68	151	1	1	512	661	1	151	1e-69	267
NC_013161	New.36.CleanUp.ReferenceOTU1183812	97.00	100	3	0	477	576	1	100	4e-40	169
NC_013173	10418	100.00	100	0	0	541	640	1	100	4e-45	185
NC_013194	New.59.CleanUp.ReferenceOTU602796	97.26	146	4	0	535	680	6	151	5e-64	248
NC_013209	New.9.CleanUp.ReferenceOTU125896	98.08	104	2	0	481	584	1	104	5e-44	182
NC_013421	4364469	98.44	128	2	0	537	664	1	128	2e-57	226
NC_013446	576010	100.00	150	0	0	531	680	1	150	6e-73	278
NC_013510	New.19.CleanUp.ReferenceOTU38993	97.33	150	4	0	518	667	1	150	3e-66	255
NC_013512	4350611	97.62	126	3	0	504	629	1	126	1e-54	217
NC_013525	New.59.CleanUp.ReferenceOTU1691644	97.50	80	2	0	631	710	67	146	1e-30	137
NC_013530	New.7.CleanUp.ReferenceOTU66593	97.14	140	4	0	512	651	1	140	1e-60	237
NC_013552	29714	100.00	100	0	0	494	593	1	100	4e-45	185
NC_013592	555725	98.00	150	3	0	536	685	1	150	6e-68	261
NC_013595	New.59.CleanUp.ReferenceOTU1505721	97.33	150	4	0	500	649	1	150	3e-66	255
NC_013722	338929	100.00	150	0	0	536	685	1	150	6e-73	278
NC_013729	New.59.CleanUp.ReferenceOTU1407014	97.35	151	4	0	503	653	1	151	8e-67	257
NC_013791	830475	97.35	151	4	0	543	693	1	151	8e-67	257
NC_013850	210269	100.00	150	0	0	536	685	1	150	6e-73	278
NC_013854	New.36.CleanUp.ReferenceOTU478948	97.98	99	2	0	478	576	2	100	3e-41	172
NC_013861	7920	98.00	150	3	0	534	683	1	150	6e-68	261
NC_013890	29714	100.00	97	0	0	494	590	1	97	2e-43	180
NC_013929	New.59.CleanUp.ReferenceOTU1069293	97.33	150	4	0	510	659	2	151	3e-66	255
NC_013941	141145	100.00	150	0	0	536	685	1	150	6e-73	278
NC_013943	3201462	98.88	89	1	0	532	620	1	89	2e-37	159
NC_013947	4477120	100.00	141	0	0	507	647	1	141	6e-68	261
NC_013961	676211	98.67	150	2	0	534	683	1	150	1e-69	267
NC_013971	676211	98.67	150	2	0	534	683	1	150	1e-69	267
NC_014006	New.59.CleanUp.ReferenceOTU1399481	98.62	145	2	0	479	623	1	145	7e-67	257
NC_014019	557526	98.68	151	2	0	539	689	1	151	4e-70	268
NC_014034	831098	98.00	150	3	0	477	626	1	150	6e-68	261
NC_014100	811257	98.67	150	2	0	478	627	1	150	1e-69	267
NC_014103	557526	98.68	151	2	0	539	689	1	151	4e-70	268
NC_014117	698496	97.78	135	3	0	524	658	1	135	1e-59	233
NC_014125	7920	97.33	150	4	0	534	683	1	150	3e-66	255
NC_014151	788268	98.00	150	3	0	513	662	1	150	6e-68	261
NC_014158	543675	98.67	150	2	0	511	660	1	150	1e-69	267
NC_014166	277566	99.33	150	1	0	513	662	1	150	3e-71	272
NC_014171	1532107	100.00	150	0	0	544	693	1	150	6e-73	278
NC_014210	956334	98.00	150	3	0	519	668	1	150	6e-68	261
NC_014217	New.53.CleanUp.ReferenceOTU523671	97.97	148	3	0	477	624	1	148	7e-67	257
NC_014259	584176	100.00	150	0	0	531	680	1	150	6e-73	278
NC_014307	651436	98.67	150	2	0	537	686	1	150	1e-69	267
NC_014311	651436	98.67	150	2	0	537	686	1	150	1e-69	267
NC_014313	New.5.CleanUp.ReferenceOTU62252	97.95	146	3	0	477	622	1	146	1e-65	254
NC_014314	3694331	99.00	100	1	0	494	593	1	100	2e-43	180
NC_014319	299516	98.67	150	2	0	543	692	1	150	1e-69	267
NC_014328	4380668	98.00	100	2	0	509	608	1	100	8e-42	174
NC_014364	New.12.CleanUp.ReferenceOTU144840	98.68	76	1	0	536	611	1	76	4e-30	135
NC_014393	4457669	98.00	100	2	0	506	605	1	100	8e-42	174
NC_014394	New.5.CleanUp.ReferenceOTU28452	97.93	145	3	0	534	678	6	150	4e-65	252
NC_014479	4441266	99.33	150	1	0	542	691	1	150	3e-71	272
NC_014483	4428732	100.00	150	0	0	544	693	1	150	6e-73	278
NC_014500	555725	98.00	150	3	0	536	685	1	150	6e-68	261
NC_014532	4322642	98.00	150	3	0	534	683	1	150	6e-68	261
NC_014551	4441266	100.00	150	0	0	542	691	1	150	6e-73	278
NC_014614	2795129	97.00	100	3	0	505	604	1	100	4e-40	169
NC_014618	676211	100.00	150	0	0	535	684	1	150	6e-73	278
NC_014622	4428732	99.33	150	1	0	544	693	1	150	3e-71	272
NC_014623	New.59.CleanUp.ReferenceOTU990105	99.32	146	1	0	541	686	1	146	5e-69	265
NC_014625	679605	97.28	147	4	0	477	623	1	147	1e-64	250
NC_014632	New.13.CleanUp.ReferenceOTU516929	97.60	125	3	0	511	635	1	125	5e-54	215
NC_014639	4441266	100.00	150	0	0	542	691	1	150	6e-73	278
NC_014640	68617	99.33	150	1	0	535	684	1	150	3e-71	272
NC_014654	4384856	99.04	104	1	0	557	660	1	104	1e-45	187
NC_014659	4393724	99.33	150	1	0	509	658	1	150	3e-71	272
NC_014666	New.59.CleanUp.ReferenceOTU582834	98.01	151	1	2	493	642	1	150	6e-68	261
NC_014722	3423513	99.33	150	1	0	531	680	1	150	3e-71	272
NC_014733	2221290	98.01	151	3	0	537	687	1	151	2e-68	263
NC_014734	575486	98.00	150	3	0	532	681	1	150	6e-68	261
NC_014815	195864	98.00	150	3	0	504	653	1	150	6e-68	261
NC_014816	New.7.CleanUp.ReferenceOTU252558	97.17	106	3	0	483	588	6	111	2e-43	180
NC_014829	4338984	100.00	150	0	0	547	696	1	150	6e-73	278
NC_014831	2772794	100.00	95	0	0	540	634	1	95	2e-42	176
NC_014833	289599	98.70	77	1	0	508	584	1	77	1e-30	137
NC_014834	62406	98.67	150	2	0	481	630	1	150	1e-69	267
NC_014910	581921	98.67	150	2	0	531	680	1	150	1e-69	267
NC_014924	1115104	97.18	142	3	1	536	676	1	142	3e-61	239
NC_014958	3110915	97.03	101	3	0	500	600	1	101	1e-40	171
NC_014963	New.53.CleanUp.ReferenceOTU849737	97.20	143	4	0	485	627	1	143	2e-62	243
NC_014972	New.5.CleanUp.ReferenceOTU350819	97.12	139	4	0	556	694	12	150	4e-60	235
NC_014973	New.59.CleanUp.ReferenceOTU406055	100.00	144	0	0	547	690	1	144	1e-69	267
NC_014976	4441266	100.00	150	0	0	543	692	1	150	6e-73	278
NC_015061	274754	100.00	150	0	0	536	685	1	150	6e-73	278
NC_015136	New.59.CleanUp.ReferenceOTU454412	97.33	150	4	0	533	682	2	151	3e-66	255
NC_015145	56625	100.00	150	0	0	511	660	1	150	6e-73	278
NC_015161	546802	97.40	77	2	0	501	577	1	77	5e-29	132
NC_015167	New.11.CleanUp.ReferenceOTU76228	97.32	112	3	0	528	639	1	112	8e-47	191
NC_015222	3950303	97.30	148	4	0	533	680	1	148	4e-65	252
NC_015312	1127819	98.68	151	2	0	512	662	1	151	4e-70	268
NC_015379	264913	99.33	150	1	0	528	677	1	150	3e-71	272
NC_015381	New.59.CleanUp.ReferenceOTU568386	97.86	140	3	0	544	683	12	151	2e-62	243
NC_015425	2850749	98.41	126	2	0	511	636	1	126	3e-56	222
NC_015433	4424239	98.03	152	3	0	540	691	1	152	5e-69	265
NC_015563	4469492	99.33	150	1	0	531	680	1	150	3e-71	272
NC_015565	4404109	99.14	116	0	1	514	629	1	115	8e-52	207
NC_015567	274754	100.00	150	0	0	536	685	1	150	6e-73	278
NC_015573	New.59.CleanUp.ReferenceOTU219830	97.56	82	2	0	747	828	65	146	9e-32	141
NC_015577	141278	97.40	77	2	0	556	632	1	77	5e-29	132
NC_015578	New.12.CleanUp.ReferenceOTU146129	97.47	79	2	0	556	634	1	79	4e-30	135
NC_015580	144589	98.67	150	2	0	478	627	1	150	1e-69	267
NC_015590	New.24.CleanUp.ReferenceOTU38683	97.33	150	2	2	476	624	1	149	1e-65	254
NC_015593	New.53.CleanUp.ReferenceOTU826098	97.33	150	4	0	480	629	1	150	3e-66	255
NC_015634	14592	98.44	128	2	0	543	670	1	128	2e-57	226
NC_015635	4466196	99.33	150	1	0	511	660	1	150	3e-71	272
NC_015656	New.59.CleanUp.ReferenceOTU829841	97.32	149	4	0	498	646	2	150	1e-65	254
NC_015675	513360	98.00	150	3	0	474	623	1	150	6e-68	261
NC_015677	1120966	98.67	150	2	0	533	682	1	150	1e-69	267
NC_015683	4364814	99.33	150	1	0	508	657	1	150	3e-71	272
NC_015684	245495	98.01	151	3	0	481	631	1	151	2e-68	263
NC_015687	1055222	100.00	100	0	0	501	600	1	100	4e-45	185
NC_015690	568436	97.24	145	4	0	524	668	1	145	2e-63	246
NC_015696	144057	97.76	134	3	0	531	664	1	134	5e-59	231
NC_015717	239537	98.00	150	3	0	478	627	1	150	6e-68	261
NC_015726	61812	98.67	150	2	0	533	682	1	150	1e-69	267
NC_015733	312988	100.00	145	0	0	533	677	6	150	4e-70	268
NC_015734	299516	98.67	150	2	0	543	692	1	150	1e-69	267
NC_015758	264791	98.67	150	2	0	525	674	1	150	1e-69	267
NC_015846	903886	100.00	152	0	0	524	675	1	152	5e-74	281
NC_015856	4445604	98.00	150	3	0	535	684	1	150	6e-68	261
NC_015857	823809	98.68	152	2	0	477	628	1	152	1e-70	270
NC_015859	4364814	99.33	150	1	0	509	658	1	150	3e-71	272
NC_015947	817926	98.67	150	2	0	534	683	1	150	1e-69	267
NC_015953	77193	98.64	147	2	0	508	654	1	147	6e-68	261
NC_015957	592398	97.35	151	3	1	511	660	1	151	3e-66	255
NC_015976	New.53.CleanUp.ReferenceOTU971696	98.00	150	3	0	479	628	1	150	6e-68	261
NC_016001	960076	97.35	151	4	0	521	671	1	151	8e-67	257
NC_016002	6374	97.28	147	4	0	534	680	1	147	1e-64	250
NC_016023	14592	99.22	128	1	0	543	670	1	128	5e-59	231
NC_016024	3696	99.00	100	1	0	490	589	1	100	2e-43	180
NC_016026	4429716	98.68	76	1	0	477	552	1	76	4e-30	135
NC_016047	4441266	100.00	150	0	0	542	691	1	150	6e-73	278
NC_016109	3614443	98.00	150	3	0	508	657	1	150	6e-68	261
NC_016111	826658	98.67	150	2	0	508	657	1	150	1e-69	267
NC_016114	77193	98.64	147	2	0	508	654	1	147	6e-68	261
NC_016147	1115104	100.00	134	0	0	540	673	1	134	5e-64	248
NC_016510	1889810	98.67	150	2	0	525	674	1	150	1e-69	267
NC_016514	210269	100.00	150	0	0	536	685	1	150	6e-73	278
NC_016582	592398	98.68	151	2	0	508	658	1	151	4e-70	268
NC_016584	4307267	97.96	147	3	0	555	701	1	147	3e-66	255
NC_016589	1144796	99.33	150	1	0	530	679	1	150	3e-71	272
NC_016604	90701	99.33	150	1	0	511	660	1	150	3e-71	272
NC_016609	New.59.CleanUp.ReferenceOTU1481861	99.31	144	1	0	534	677	1	144	6e-68	261
NC_016612	950606	99.34	151	1	0	536	686	1	151	8e-72	274
NC_016616	4467400	100.00	150	0	0	537	686	1	150	6e-73	278
NC_016620	New.1.CleanUp.ReferenceOTU40941	97.28	147	4	0	543	689	1	147	1e-64	250
NC_016622	777237	97.64	127	3	0	495	621	1	127	4e-55	219
NC_016627	4309134	97.14	140	4	0	639	778	1	140	1e-60	237
NC_016631	New.52.CleanUp.ReferenceOTU85919	99.30	143	1	0	485	627	1	143	2e-67	259
NC_016641	4428732	100.00	150	0	0	546	695	1	150	6e-73	278
NC_016771	1532107	100.00	150	0	0	545	694	1	150	6e-73	278
NC_016779	1532107	100.00	150	0	0	544	693	1	150	6e-73	278
NC_016784	4441266	100.00	150	0	0	542	691	1	150	6e-73	278
NC_016790	650171	100.00	150	0	0	511	660	1	150	6e-73	278
NC_016800	650171	100.00	150	0	0	512	661	1	150	6e-73	278
NC_016801	650171	100.00	150	0	0	510	659	1	150	6e-73	278
NC_016811	New.5.CleanUp.ReferenceOTU328310	97.33	150	4	0	534	683	1	150	3e-66	255
NC_016812	2675752	100.00	150	0	0	476	625	1	150	6e-73	278
NC_016816	4455895	100.00	150	0	0	538	687	1	150	6e-73	278
NC_016826	3244896	100.00	152	0	0	538	689	1	152	5e-74	281
NC_016830	155221	99.33	150	1	0	528	677	1	150	3e-71	272
NC_016831	676211	99.33	150	1	0	536	685	1	150	3e-71	272
NC_016832	676211	99.33	150	1	0	536	685	1	150	3e-71	272
NC_016854	676211	99.33	150	1	0	536	685	1	150	3e-71	272
NC_016856	676211	99.33	150	1	0	536	685	1	150	3e-71	272
NC_016857	676211	99.33	150	1	0	536	685	1	150	3e-71	272
NC_016860	676211	99.33	150	1	0	536	685	1	150	3e-71	272
NC_016863	676211	99.33	150	1	0	536	685	1	150	3e-71	272
NC_016887	328765	98.44	128	2	0	507	634	1	128	2e-57	226
NC_016894	4476862	97.00	100	3	0	526	625	1	100	4e-40	169
NC_016906	4411489	99.33	150	1	0	515	664	1	150	3e-71	272
NC_016935	568436	97.24	145	4	0	524	668	1	145	2e-63	246
NC_016943	New.59.CleanUp.ReferenceOTU71157	97.33	150	4	0	510	659	1	150	3e-66	255
NC_016946	264791	98.67	150	2	0	524	673	1	150	1e-69	267
NC_016947	264791	98.67	150	2	0	524	673	1	150	1e-69	267
NC_016948	264791	98.67	150	2	0	524	673	1	150	1e-69	267
NC_017030	New.59.CleanUp.ReferenceOTU990105	98.63	146	0	2	543	686	1	146	8e-67	257
NC_017031	4364814	99.33	150	1	0	510	659	1	150	3e-71	272
NC_017046	676211	99.33	150	1	0	536	685	1	150	3e-71	272
NC_017047	274754	100.00	150	0	0	536	685	1	150	6e-73	278
NC_017061	4441266	100.00	150	0	0	542	691	1	150	6e-73	278
NC_017082	245495	98.68	151	2	0	481	631	1	151	3e-70	268
NC_017093	39832	100.00	150	0	0	505	654	1	150	6e-73	278
NC_017100	New.9.CleanUp.ReferenceOTU125896	98.08	104	2	0	481	584	1	104	5e-44	182
NC_017108	New.9.CleanUp.ReferenceOTU125896	98.08	104	2	0	481	584	1	104	5e-44	182
NC_017111	New.9.CleanUp.ReferenceOTU125896	98.08	104	2	0	481	584	1	104	5e-44	182
NC_017121	New.9.CleanUp.ReferenceOTU125896	98.08	104	2	0	481	584	1	104	5e-44	182
NC_017125	New.9.CleanUp.ReferenceOTU125896	98.08	104	2	0	481	584	1	104	5e-44	182
NC_017146	New.9.CleanUp.ReferenceOTU125896	98.08	104	2	0	481	584	1	104	5e-44	182
NC_017150	New.9.CleanUp.ReferenceOTU125896	98.08	104	2	0	481	584	1	104	5e-44	182
NC_017161	1109030	97.96	98	2	0	542	639	1	98	1e-40	171
NC_017168	274754	100.00	150	0	0	537	686	1	150	6e-73	278
NC_017188	4441266	99.33	150	1	0	542	691	1	150	3e-71	272
NC_017190	4441266	100.00	150	0	0	542	691	1	150	6e-73	278
NC_017191	4441266	99.33	150	1	0	543	692	1	150	3e-71	272
NC_017195	4441266	100.00	150	0	0	542	691	1	150	6e-73	278
NC_017196	4441266	100.00	150	0	0	542	691	1	150	6e-73	278
NC_017200	1532107	100.00	150	0	0	544	693	1	150	6e-73	278
NC_017208	1532107	100.00	150	0	0	544	693	1	150	6e-73	278
NC_017246	823809	98.68	152	2	0	477	628	1	152	1e-70	270
NC_017249	829415	99.33	150	1	0	481	630	1	150	3e-71	272
NC_017295	1055222	100.00	100	0	0	501	600	1	100	4e-45	185
NC_017299	511129	98.52	135	2	0	509	643	1	135	3e-61	239
NC_017300	4364814	99.33	150	1	0	510	659	1	150	3e-71	272
NC_017310	1720567	99.25	133	1	0	538	670	1	133	8e-62	241
NC_017317	4364814	99.33	150	1	0	509	658	1	150	3e-71	272
NC_017322	New.7.CleanUp.ReferenceOTU153570	97.93	145	2	1	481	624	6	150	1e-64	250
NC_017325	New.24.CleanUp.ReferenceOTU38683	97.33	150	2	2	476	624	1	149	1e-65	254
NC_017384	679605	97.28	147	4	0	484	630	1	147	1e-64	250
NC_017390	676211	98.67	150	2	0	534	683	1	150	1e-69	267
NC_017445	210269	99.33	150	1	0	536	685	1	150	3e-71	272
NC_017449	144057	97.01	134	4	0	525	658	1	134	2e-57	226
NC_017450	144057	97.01	134	4	0	525	658	1	134	2e-57	226
NC_017454	2654188	97.97	148	3	0	544	691	1	148	8e-67	257
NC_017530	277094	99.33	150	1	0	528	677	1	150	3e-71	272
NC_017531	4455895	100.00	150	0	0	536	685	1	150	6e-73	278
NC_017532	821119	99.34	152	1	0	528	679	1	152	2e-72	276
NC_017542	4428732	99.33	150	1	0	544	693	1	150	3e-71	272
NC_017548	827497	98.00	150	3	0	528	677	1	150	6e-68	261
NC_017549	827497	98.00	150	3	0	528	677	1	150	6e-68	261
NC_017559	651436	98.67	150	2	0	537	686	1	150	1e-69	267
NC_017574	651436	98.67	150	2	0	537	686	1	150	1e-69	267
NC_017644	141145	100.00	150	0	0	536	685	1	150	6e-73	278
NC_017651	141145	100.00	150	0	0	536	685	1	150	6e-73	278
NC_017664	141145	100.00	150	0	0	536	685	1	150	6e-73	278
NC_017668	New.52.CleanUp.ReferenceOTU21326	97.28	147	4	0	558	704	1	147	1e-64	250
NC_017671	New.52.CleanUp.ReferenceOTU39319	99.31	145	0	1	541	684	7	151	6e-68	261
NC_017672	568436	97.24	145	4	0	524	668	1	145	2e-63	246
NC_017729	1532107	100.00	150	0	0	544	693	1	150	6e-73	278
NC_017743	4441266	100.00	150	0	0	542	691	1	150	6e-73	278
NC_017765	77193	98.64	147	2	0	508	654	1	147	6e-68	261
NC_017770	New.7.CleanUp.ReferenceOTU256861	100.00	137	0	0	540	676	14	150	1e-65	254
NC_017790	241895	100.00	150	0	0	506	655	1	150	6e-73	278
NC_017803	28089	99.33	150	1	0	504	653	1	150	3e-71	272
NC_017845	555725	97.33	150	4	0	537	686	1	150	3e-66	255
NC_017911	4352233	100.00	150	0	0	528	677	1	150	6e-73	278
NC_017912	4441266	100.00	150	0	0	542	691	1	150	6e-73	278
NC_017920	3423513	97.33	150	4	0	532	681	1	150	3e-66	255
NC_017955	New.52.CleanUp.ReferenceOTU32466	98.00	150	3	0	509	658	1	150	6e-68	261
NC_017964	673343	98.00	150	3	0	542	691	1	150	6e-68	261
NC_017986	277094	99.33	150	1	0	528	677	1	150	3e-71	272
NC_018000	2675752	100.00	150	0	0	476	625	1	150	6e-73	278
NC_018002	4350611	97.62	126	3	0	504	629	1	126	1e-54	217
NC_018014	New.5.CleanUp.ReferenceOTU195383	97.92	144	3	0	491	634	7	150	1e-64	250
NC_018017	13900	98.68	151	2	0	553	703	1	151	4e-70	268
NC_018027	90701	99.33	150	1	0	516	665	1	150	3e-71	272
NC_018028	588637	99.33	150	1	0	528	677	1	150	3e-71	272
NC_018065	4302300	98.03	152	3	0	546	697	1	152	5e-69	265
NC_018068	257203	98.00	150	3	0	555	704	1	150	6e-68	261
NC_018079	210269	100.00	150	0	0	534	683	1	150	6e-73	278
NC_018080	827497	98.00	150	3	0	528	677	1	150	6e-68	261
NC_018139	New.5.CleanUp.ReferenceOTU328310	97.33	150	4	0	534	683	1	150	3e-66	255
NC_018140	New.5.CleanUp.ReferenceOTU328310	97.33	150	4	0	534	683	1	150	3e-66	255
NC_018143	264791	98.67	150	2	0	525	674	1	150	1e-69	267
NC_018150	90701	99.33	150	1	0	509	658	1	150	3e-71	272
NC_018177	New.19.CleanUp.ReferenceOTU3972	97.95	146	3	0	533	678	6	151	1e-65	254
NC_018266	New.59.CleanUp.ReferenceOTU294692	99.31	144	1	0	507	650	2	145	6e-68	261
NC_018289	90701	99.33	150	1	0	515	664	1	150	3e-71	272
NC_018485	1120835	98.67	150	2	0	479	628	1	150	1e-69	267
NC_018491	1532107	100.00	150	0	0	544	693	1	150	6e-73	278
NC_018500	1532107	100.00	150	0	0	544	693	1	150	6e-73	278
NC_018508	1532107	100.00	150	0	0	544	693	1	150	6e-73	278
NC_018513	3423513	97.33	150	4	0	532	681	1	150	3e-66	255
NC_018515	257203	97.33	150	4	0	554	703	1	150	3e-66	255
NC_018525	555725	97.33	150	4	0	538	687	1	150	3e-66	255
NC_018527	3423513	98.00	150	3	0	531	680	1	150	6e-68	261
NC_018581	799497	100.00	150	0	0	515	664	1	150	6e-73	278
NC_018664	4462654	98.59	142	2	0	525	666	1	142	4e-65	252
NC_018681	4393724	99.33	150	1	0	501	650	1	150	3e-71	272
NC_018693	1532107	100.00	150	0	0	544	693	1	150	6e-73	278
NC_018695	New.59.CleanUp.ReferenceOTU454412	97.33	150	4	0	533	682	2	151	3e-66	255
NC_018700	New.24.CleanUp.ReferenceOTU38683	97.33	150	2	2	476	624	1	149	1e-65	254
NC_018704	New.9.CleanUp.ReferenceOTU132755	97.30	111	3	0	561	671	3	113	3e-46	189
NC_018708	4469492	98.67	150	2	0	531	680	1	150	1e-69	267
NC_018709	1148151	100.00	137	0	0	510	646	1	137	1e-65	254
NC_018750	New.59.CleanUp.ReferenceOTU1569744	97.86	140	3	0	519	658	12	151	2e-62	243
NC_018866	213971	100.00	100	0	0	651	750	1	100	4e-45	185
NC_018867	213971	100.00	100	0	0	651	750	1	100	4e-45	185
NC_018877	1532107	100.00	150	0	0	544	693	1	150	6e-73	278
NC_019382	4483058	100.00	150	0	0	529	678	1	150	6e-73	278
NC_019567	New.59.CleanUp.ReferenceOTU610900	97.93	145	3	0	506	650	1	145	4e-65	252
NC_019670	155221	99.33	150	1	0	527	676	1	150	3e-71	272
NC_019673	63696	100.00	134	0	0	507	640	1	134	5e-64	248
NC_019676	New.4.CleanUp.ReferenceOTU54250	100.00	80	0	0	481	560	1	80	5e-34	148
NC_019680	968391	100.00	78	0	0	480	557	1	78	6e-33	145
NC_019683	1011502	97.94	97	2	0	477	573	1	97	4e-40	169
NC_019693	New.4.CleanUp.ReferenceOTU78249	98.89	90	1	0	492	581	11	100	6e-38	161
NC_019695	993455	100.00	97	0	0	480	576	1	97	2e-43	180
NC_019702	New.38.CleanUp.ReferenceOTU85280	97.00	100	3	0	476	575	1	100	4e-40	169
NC_019703	4413357	99.00	100	1	0	479	578	1	100	2e-43	180
NC_019729	824855	99.33	150	1	0	490	639	1	150	3e-71	272
NC_019738	New.59.CleanUp.ReferenceOTU1253833	98.03	152	1	2	481	631	1	151	2e-68	263
NC_019745	New.28.CleanUp.ReferenceOTU551117	97.03	101	3	0	480	580	1	101	1e-40	171
NC_019748	4372695	100.00	94	0	0	479	572	1	94	8e-42	174
NC_019757	New.5.CleanUp.ReferenceOTU81976	97.30	148	4	0	480	627	3	150	3e-65	252
NC_019776	2188623	99.00	100	1	0	475	574	1	100	2e-43	180
NC_019780	4460895	97.89	95	2	0	479	573	1	95	5e-39	165
NC_019842	4441266	100.00	150	0	0	542	691	1	150	6e-73	278
NC_019845	New.24.CleanUp.ReferenceOTU38683	97.33	150	2	2	476	624	1	149	1e-65	254
NC_019892	New.7.CleanUp.ReferenceOTU36342	98.67	150	2	0	499	648	1	150	1e-69	267
NC_019897	New.19.CleanUp.ReferenceOTU8353	97.30	148	4	0	559	706	1	148	4e-65	252
NC_019903	161579	98.68	151	2	0	651	801	1	151	4e-70	268
NC_019936	821119	99.34	152	1	0	528	679	1	152	2e-72	276
NC_019973	3004649	98.00	150	3	0	474	623	1	150	6e-68	261
NC_020059	4338661	100.00	150	0	0	476	625	1	150	6e-73	278
NC_020089	264791	98.67	150	2	0	525	674	1	150	1e-69	267
NC_020126	New.59.ReferenceOTU2700	97.99	149	1	2	540	687	1	148	8e-67	257
NC_020164	137056	100.00	150	0	0	542	691	1	150	6e-73	278
NC_020207	152485	99.33	150	1	0	553	702	1	150	3e-71	272
NC_020209	4352233	100.00	150	0	0	528	677	1	150	6e-73	278
NC_020210	4338984	97.33	150	4	0	545	694	1	150	3e-66	255
NC_020211	4416113	100.00	150	0	0	536	685	1	150	6e-73	278
NC_020238	1532107	100.00	150	0	0	544	693	1	150	6e-73	278
NC_020244	4441266	100.00	150	0	0	543	692	1	150	6e-73	278
NC_020272	4441266	100.00	150	0	0	543	692	1	150	6e-73	278
NC_020291	541328	98.68	151	2	0	508	658	1	151	4e-70	268
NC_020302	4364814	98.67	150	2	0	509	658	1	150	1e-69	267
NC_020376	1532107	100.00	150	0	0	544	693	1	150	6e-73	278
NC_020386	29714	100.00	97	0	0	494	590	1	97	2e-43	180
NC_020387	29714	100.00	97	0	0	494	590	1	97	2e-43	180
NC_020417	3701019	99.33	150	1	0	532	681	1	150	3e-71	272
NC_020418	4477719	100.00	120	0	0	536	655	1	120	3e-56	222
NC_020453	245495	98.68	151	2	0	481	631	1	151	3e-70	268
NC_020504	77193	97.28	147	4	0	508	654	1	147	1e-64	250
NC_020506	4364814	98.67	150	2	0	514	663	1	150	1e-69	267
NC_020507	4441266	100.00	150	0	0	543	692	1	150	6e-73	278
NC_020516	161269	99.33	150	1	0	532	681	1	150	3e-71	272
NC_020519	650171	99.33	150	1	0	518	667	1	150	3e-71	272
NC_020520	260261	98.00	150	3	0	508	657	1	150	6e-68	261
NC_020528	New.24.CleanUp.ReferenceOTU38683	97.33	150	2	2	476	624	1	149	1e-65	254
NC_020541	1584967	98.00	150	3	0	534	683	1	150	6e-68	261
NC_020561	New.53.CleanUp.ReferenceOTU1121460	97.33	150	4	0	478	627	1	150	3e-66	255
NC_020799	651436	99.33	150	1	0	537	686	1	150	3e-71	272
NC_020812	4429716	98.68	76	1	0	477	552	1	76	4e-30	135
NC_020813	New.53.CleanUp.ReferenceOTU191242	98.00	150	3	0	508	657	1	150	6e-68	261
NC_020829	New.19.CleanUp.ReferenceOTU14939	98.62	145	2	0	528	672	1	145	8e-67	257
NC_020832	4441266	100.00	150	0	0	543	692	1	150	6e-73	278
NC_020887	16013	99.00	100	1	0	526	625	1	100	2e-43	180
NC_020895	77193	98.64	147	2	0	508	654	1	147	6e-68	261
NC_020912	827497	98.00	150	3	0	528	677	1	150	6e-68	261
NC_020990	592398	100.00	151	0	0	510	660	1	151	2e-73	279
NC_021055	77193	98.64	147	2	0	508	654	1	147	6e-68	261
NC_021066	508943	98.68	152	1	1	536	687	1	151	4e-70	268
NC_021149	1119053	100.00	150	0	0	527	676	1	150	6e-73	278
NC_021150	1119053	100.00	150	0	0	527	676	1	150	6e-73	278
NC_021171	4301491	99.33	150	1	0	541	690	1	150	3e-71	272
NC_021172	New.24.CleanUp.ReferenceOTU12645	97.35	151	4	0	477	627	1	151	7e-67	257
NC_021173	New.59.CleanUp.ReferenceOTU920903	97.96	147	3	0	531	677	1	147	3e-66	255
NC_021176	676211	99.33	150	1	0	536	685	1	150	3e-71	272
NC_021177	77193	98.64	147	2	0	508	654	1	147	6e-68	261
NC_021182	248740	99.33	150	1	0	503	652	1	150	3e-71	272
NC_021191	1137749	98.67	150	2	0	504	653	1	150	1e-69	267
NC_021200	264791	98.67	150	2	0	523	672	1	150	1e-69	267
NC_021237	2534143	100.00	150	0	0	530	679	1	150	6e-73	278
NC_021362	4301491	98.67	150	2	0	538	687	1	150	1e-69	267
NC_021491	277094	99.33	150	1	0	528	677	1	150	3e-71	272
NC_021500	676211	98.67	150	2	0	534	683	1	150	1e-69	267
NC_021577	827497	98.00	150	3	0	528	677	1	150	6e-68	261
NC_021591	274754	100.00	150	0	0	536	685	1	150	6e-73	278
NC_021658	750320	99.33	150	1	0	545	694	1	150	3e-71	272
NC_021659	274754	100.00	150	0	0	536	685	1	150	6e-73	278
NC_021663	4364814	99.33	150	1	0	519	668	1	150	3e-71	272
NC_021726	4389529	100.00	150	0	0	531	680	1	150	6e-73	278
NC_021729	4389529	100.00	150	0	0	530	679	1	150	6e-73	278
NC_021733	4389529	100.00	150	0	0	531	680	1	150	6e-73	278
NC_021741	274754	100.00	150	0	0	534	683	1	150	6e-73	278
NC_021902	676211	99.33	150	1	0	536	685	1	150	3e-71	272
NC_021905	4338661	100.00	150	0	0	475	624	1	150	6e-73	278
NC_021985	77193	97.96	147	3	0	508	654	1	147	3e-66	255
NC_021991	New.9.CleanUp.ReferenceOTU125896	98.08	104	2	0	481	584	1	104	5e-44	182
NC_022000	3610691	99.32	148	1	0	536	683	1	148	4e-70	268
NC_022041	719608	100.00	150	0	0	478	627	1	150	6e-73	278
NC_022080	New.19.CleanUp.ReferenceOTU26467	97.96	147	3	0	545	691	1	147	3e-66	255
NC_022081	4441266	100.00	150	0	0	542	691	1	150	6e-73	278
NC_022115	136453	97.37	152	0	4	507	656	1	150	3e-66	255
NC_022247	New.7.CleanUp.ReferenceOTU185892	98.64	147	2	0	533	679	1	147	6e-68	261
NC_022443	137056	100.00	150	0	0	542	691	1	150	6e-73	278
NC_022513	New.59.CleanUp.ReferenceOTU873917	99.32	146	1	0	534	679	2	147	5e-69	265
NC_022566	210269	100.00	150	0	0	536	685	1	150	6e-73	278
NC_022571	541328	98.01	151	3	0	508	658	1	151	2e-68	263
NC_022653	4441266	100.00	150	0	0	542	691	1	150	6e-73	278
NC_022657	1137749	98.67	150	2	0	506	655	1	150	1e-69	267
NC_022660	1148151	100.00	137	0	0	510	646	1	137	1e-65	254
NC_022663	264791	98.67	150	2	0	524	673	1	150	1e-69	267
NC_022738	312988	100.00	145	0	0	533	677	6	150	4e-70	268
NC_022781	1532107	100.00	150	0	0	544	693	1	150	6e-73	278
NC_022794	New.52.CleanUp.ReferenceOTU144875	99.26	135	1	0	565	699	14	148	6e-63	244
NC_022873	1532107	100.00	150	0	0	544	693	1	150	6e-73	278
NC_022904	New.59.CleanUp.ReferenceOTU5921	97.87	141	3	0	537	677	6	146	6e-63	244
NC_022964	29714	100.00	100	0	0	494	593	1	100	4e-45	185
NC_022997	New.42.CleanUp.ReferenceOTU370442	97.35	151	4	0	480	630	1	151	7e-67	257
NC_023019	827497	98.00	150	3	0	528	677	1	150	6e-68	261
NC_023037	4428732	100.00	150	0	0	555	704	1	150	6e-73	278
NC_023064	269930	100.00	150	0	0	528	677	1	150	6e-73	278
NC_023073	4441266	100.00	150	0	0	542	691	1	150	6e-73	278
NC_023075	312988	100.00	145	0	0	533	677	6	150	4e-70	268
NC_023076	312988	100.00	145	0	0	533	677	6	150	4e-70	268
NC_023149	827497	98.00	150	3	0	528	677	1	150	6e-68	261
NZ_CM001165	592398	100.00	151	0	0	511	661	1	151	2e-73	279
NZ_CM001763	4128270	99.33	150	1	0	530	679	1	150	3e-71	272
NZ_CM002024	252822	100.00	150	0	0	476	625	1	150	6e-73	278
NZ_CM002139	780788	98.59	142	2	0	536	677	1	142	4e-65	252
NZ_CM002177	578701	98.57	140	2	0	511	650	1	140	5e-64	248
NZ_CM002330	2534143	99.33	150	1	0	527	676	1	150	3e-71	272
NZ_CM002395	1532107	100.00	150	0	0	544	693	1	150	6e-73	278
NZ_CM002398	1532107	100.00	150	0	0	544	693	1	150	6e-73	278
NZ_CM002401	1532107	100.00	150	0	0	544	693	1	150	6e-73	278
NZ_CM002757	651436	99.33	150	1	0	537	686	1	150	3e-71	272
NZ_CM002796	New.59.CleanUp.ReferenceOTU1150846	98.64	147	0	2	480	625	6	151	2e-67	259
NZ_CP001970	1532107	100.00	150	0	0	544	693	1	150	6e-73	278
NZ_CP001974	1532107	100.00	150	0	0	544	693	1	150	6e-73	278
NZ_CP002871	264791	98.67	150	2	0	525	674	1	150	1e-69	267
NZ_CP003181	New.7.CleanUp.ReferenceOTU246283	97.60	125	3	0	485	609	1	125	5e-54	215
NZ_CP003915	673343	98.00	150	3	0	543	692	1	150	6e-68	261
NZ_CP003923	4380901	99.33	150	1	0	543	692	1	150	3e-71	272
NZ_CP003949	New.59.CleanUp.ReferenceOTU1072262	100.00	140	0	0	518	657	12	151	2e-67	259
NZ_CP003999	210269	100.00	150	0	0	536	685	1	150	6e-73	278
NZ_CP004078	4104730	98.67	150	2	0	546	695	1	150	1e-69	267
NZ_CP004383	3423513	98.00	150	3	0	531	680	1	150	6e-68	261
NZ_CP004870	1532107	100.00	150	0	0	544	693	1	150	6e-73	278
NZ_CP006581	513360	97.33	150	4	0	458	607	1	150	3e-66	255
NZ_CP006587	159973	97.99	149	3	0	517	665	1	149	2e-67	259
NZ_CP006644	4423410	98.00	150	3	0	479	628	1	150	6e-68	261
NZ_CP006742	1532107	100.00	150	0	0	544	693	1	150	6e-73	278
NZ_CP006772	820543	98.90	91	1	0	533	623	1	91	2e-38	163
NZ_CP006850	New.7.CleanUp.ReferenceOTU187058	97.64	127	3	0	501	627	1	127	4e-55	219
NZ_CP006872	4428732	100.00	150	0	0	544	693	1	150	6e-73	278
NZ_CP006890	4441266	100.00	150	0	0	542	691	1	150	6e-73	278
NZ_CP006961	823809	98.68	152	2	0	477	628	1	152	1e-70	270
NZ_CP006983	827497	98.00	150	3	0	528	677	1	150	6e-68	261
NZ_CP006986	4338661	100.00	150	0	0	475	624	1	150	6e-73	278
NZ_CP007033	3897979	97.33	150	4	0	556	705	1	150	3e-66	255
NZ_CP007039	394796	100.00	150	0	0	530	679	1	150	6e-73	278
NZ_CP007044	1010113	98.68	151	2	0	536	686	1	151	4e-70	268
NZ_CP007045	4338661	100.00	150	0	0	475	624	1	150	6e-73	278
NZ_CP007067	4338661	100.00	150	0	0	475	624	1	150	6e-73	278
NZ_CP007139	New.52.CleanUp.ReferenceOTU59664	97.33	150	4	0	499	648	1	150	3e-66	255
NZ_CP007155	4316726	98.00	150	3	0	505	654	1	150	6e-68	261
NZ_CP007201	1123259	98.01	151	2	1	504	654	1	150	6e-68	261
NZ_CP007208	4427114	98.67	150	2	0	542	691	1	150	1e-69	267
NZ_CP007225	252822	100.00	150	0	0	476	625	1	150	6e-73	278
NZ_CP007230	274754	100.00	150	0	0	537	686	1	150	6e-73	278
NZ_CP007236	4294646	100.00	150	0	0	476	625	1	150	6e-73	278
NZ_CP007409	4441266	100.00	150	0	0	543	692	1	150	6e-73	278
NZ_CP007410	New.59.CleanUp.ReferenceOTU167926	100.00	144	0	0	528	671	1	144	1e-69	267
NZ_CP007441	588637	98.67	150	2	0	528	677	1	150	1e-69	267
NZ_CP007452	New.36.CleanUp.ReferenceOTU1382703	97.47	79	2	0	525	603	1	79	4e-30	135
NZ_CP007499	137056	100.00	150	0	0	542	691	1	150	6e-73	278
NZ_CP007506	New.59.CleanUp.ReferenceOTU5921	97.87	141	3	0	537	677	6	146	6e-63	244
NZ_CP007514	New.4.CleanUp.ReferenceOTU56741	97.83	92	2	0	534	625	1	92	2e-37	159
NZ_CP007546	210269	100.00	150	0	0	536	685	1	150	6e-73	278
NZ_CP007557	814442	100.00	150	0	0	536	685	1	150	6e-73	278
NZ_CP007569	829415	99.33	150	1	0	481	630	1	150	3e-71	272
NZ_CP007574	592398	98.01	151	3	0	511	661	1	151	2e-68	263
NZ_CP007597	New.59.CleanUp.ReferenceOTU1677754	98.64	147	2	0	536	682	1	147	6e-68	261
NZ_CP007607	1532107	100.00	150	0	0	544	693	1	150	6e-73	278
NZ_CP007618	1532107	100.00	150	0	0	544	693	1	150	6e-73	278
NZ_CP007620	312988	100.00	145	0	0	533	677	6	150	4e-70	268
NZ_CP007627	4400098	98.00	150	3	0	521	670	1	150	6e-68	261
NZ_CP007638	4352233	100.00	150	0	0	528	677	1	150	6e-73	278
NZ_CP007656	New.59.CleanUp.ReferenceOTU610900	97.93	145	3	0	515	659	1	145	4e-65	252
NZ_CP007663	823809	98.68	152	2	0	477	628	1	152	1e-70	270
NZ_CP007666	1532107	100.00	150	0	0	544	693	1	150	6e-73	278
NZ_CP007681	823809	98.68	152	2	0	477	628	1	152	1e-70	270
NZ_CP007704	1532107	100.00	150	0	0	544	693	1	150	6e-73	278
NZ_CP007705	823809	98.03	152	3	0	477	628	1	152	4e-69	265
NZ_CP007739	919466	99.33	150	1	0	542	691	1	150	3e-71	272
NZ_CP007765	823809	98.68	152	2	0	477	628	1	152	1e-70	270
NZ_CP007783	New.59.CleanUp.ReferenceOTU288665	97.35	151	4	0	532	682	1	151	8e-67	257
NZ_CP007787	3423513	97.33	150	4	0	532	681	1	150	3e-66	255
NZ_CP007789	New.59.CleanUp.ReferenceOTU1527812	97.10	138	4	0	490	627	14	151	1e-59	233
NZ_CP007793	New.53.CleanUp.ReferenceOTU533672	97.60	125	3	0	490	614	14	138	5e-54	215
NZ_CP007800	4441266	100.00	150	0	0	543	692	1	150	6e-73	278
NZ_CP007803	264791	98.67	150	2	0	525	674	1	150	1e-69	267
NZ_CP008696	New.59.CleanUp.ReferenceOTU859884	100.00	144	0	0	521	664	1	144	1e-69	267
NZ_CP008698	4441266	100.00	150	0	0	543	692	1	150	6e-73	278
NZ_CP008730	New.59.CleanUp.ReferenceOTU36879	97.96	147	3	0	532	678	1	147	3e-66	255
NZ_CP008752	1532107	100.00	150	0	0	544	693	1	150	6e-73	278
NZ_CP008760	New.59.CleanUp.ReferenceOTU454412	97.33	150	4	0	529	678	2	151	3e-66	255
NZ_CP008841	950606	99.34	151	1	0	536	686	1	151	8e-72	274
NZ_CP008846	1532107	99.33	150	0	1	544	692	1	150	1e-70	270
NZ_CP008852	New.5.CleanUp.ReferenceOTU396491	97.01	134	4	0	541	674	1	134	2e-57	226
NZ_CP008884	New.5.CleanUp.ReferenceOTU55286	97.10	138	4	0	534	671	1	138	1e-59	233
NZ_CP008896	269930	100.00	150	0	0	528	677	1	150	6e-73	278
NZ_CP008920	New.42.CleanUp.ReferenceOTU382938	97.96	147	3	0	534	680	1	147	3e-66	255
NZ_CP008923	4364814	99.33	150	1	0	510	659	1	150	3e-71	272
NZ_CP008926	287813	97.50	80	2	0	540	619	1	80	1e-30	137
NZ_CP008943	274754	100.00	150	0	0	537	686	1	150	6e-73	278
NZ_CP008957	141145	100.00	150	0	0	536	685	1	150	6e-73	278
NZ_HF545616	New.9.CleanUp.ReferenceOTU43792	97.06	136	4	0	509	644	1	136	2e-58	230
NZ_HG326223	4416113	100.00	150	0	0	536	685	1	150	6e-73	278
NZ_HG916852	142346	99.32	147	1	0	476	622	1	147	1e-69	267
NZ_HG938353	4424907	99.33	150	1	0	476	625	1	150	3e-71	272
NZ_HG938355	4424907	99.33	150	1	0	475	624	1	150	3e-71	272
NC_016617	New.53.CleanUp.ReferenceOTU533672	97.60	125	3	0	483	607	14	138	4e-54	215
