otu	Andisols	Gelisols	Vertisols	Mollisols	Inceptisols	Alfisols	Ultisols	Sand,Rock,Ice	Entisols
1123259	9.0	6509.0	0.0	0.0	50.0	0.0	0.0	0.0	0.0
4422405	0.0	0.0	0.0	97.0	0.0	0.0	0.0	0.0	0.0
68617	0.0	0.0	99.0	671.0	0.0	483.0	0.0	2.0	0.0
4400098	0.0	0.0	0.0	0.0	0.0	0.0	0.0	0.0	2.0
676211	2.0	0.0	9.0	20.0	0.0	0.0	3.0	2.0	1.0
90701	0.0	0.0	231.0	1506.0	0.0	79.0	0.0	0.0	0.0
588637	0.0	0.0	0.0	0.0	0.0	6.0	0.0	0.0	0.0
210269	0.0	0.0	259.0	8403.0	0.0	1827.0	0.0	0.0	0.0
4295725	0.0	0.0	0.0	0.0	0.0	0.0	0.0	0.0	0.0
108433	0.0	0.0	0.0	0.0	0.0	0.0	0.0	0.0	0.0
4483058	0.0	0.0	0.0	2.0	0.0	1301.0	0.0	0.0	0.0
811257	472.0	23.0	383.0	5039.0	10.0	17.0	9.0	107.0	65.0
144057	0.0	0.0	0.0	0.0	0.0	0.0	0.0	0.0	0.0
274365	0.0	0.0	25.0	1629.0	0.0	0.0	0.0	0.0	0.0
260261	0.0	0.0	0.0	0.0	0.0	0.0	0.0	0.0	0.0
3004649	0.0	0.0	8.0	474.0	2.0	63.0	1.0	1.0	1.0
3950303	0.0	0.0	0.0	0.0	0.0	0.0	0.0	0.0	0.0
2534143	0.0	0.0	4.0	411.0	0.0	24.0	0.0	0.0	0.0
4350611	0.0	0.0	0.0	0.0	0.0	0.0	0.0	0.0	0.0
136025	0.0	0.0	2.0	35.0	0.0	0.0	0.0	0.0	0.0
274754	0.0	0.0	0.0	1078.0	0.0	29.0	0.0	0.0	0.0
673343	0.0	0.0	5.0	1764.0	15.0	0.0	0.0	36.0	1.0
308848	0.0	0.0	0.0	14.0	0.0	0.0	0.0	0.0	0.0
350563	0.0	0.0	16.0	1682.0	1.0	0.0	0.0	1.0	4.0
831098	0.0	0.0	0.0	254.0	46.0	0.0	0.0	0.0	0.0
72646	0.0	0.0	0.0	8.0	0.0	0.0	0.0	0.0	0.0
829702	0.0	2.0	0.0	0.0	0.0	0.0	0.0	0.0	0.0
781055	0.0	9.0	13.0	138.0	0.0	3.0	0.0	0.0	0.0
814442	0.0	0.0	6.0	293.0	0.0	0.0	0.0	0.0	0.0
4416113	0.0	0.0	2.0	14.0	0.0	0.0	0.0	0.0	0.0
277566	0.0	0.0	0.0	0.0	0.0	0.0	0.0	0.0	0.0
4119088	0.0	0.0	0.0	0.0	0.0	0.0	0.0	0.0	0.0
3701019	4.0	0.0	0.0	3.0	0.0	2.0	0.0	0.0	0.0
312988	0.0	0.0	0.0	49.0	0.0	568.0	0.0	0.0	0.0
1120966	2.0	0.0	17292.0	49009.0	11.0	51.0	0.0	3.0	13.0
3610691	82.0	0.0	0.0	0.0	0.0	4.0	0.0	0.0	0.0
239139	0.0	14.0	17.0	8232.0	290.0	2.0	0.0	104.0	5.0
4045633	0.0	0.0	1433.0	1912.0	0.0	58.0	0.0	0.0	1.0
4423410	2.0	4.0	1075.0	7311.0	1.0	38.0	0.0	4.0	29.0
238148	0.0	3.0	0.0	5.0	0.0	0.0	0.0	0.0	0.0
650171	0.0	3.0	12.0	0.0	0.0	0.0	0.0	0.0	0.0
3505032	0.0	11.0	0.0	0.0	0.0	0.0	0.0	0.0	0.0
4477719	0.0	2.0	3.0	0.0	0.0	4.0	0.0	0.0	0.0
4352233	0.0	0.0	0.0	8321.0	0.0	0.0	0.0	0.0	0.0
719608	0.0	0.0	0.0	0.0	0.0	3.0	0.0	0.0	0.0
4469492	0.0	0.0	41.0	1595.0	0.0	0.0	0.0	0.0	0.0
576010	6.0	2.0	0.0	123.0	0.0	0.0	0.0	2.0	0.0
817926	0.0	0.0	0.0	59.0	0.0	24.0	0.0	0.0	1.0
269930	0.0	69.0	0.0	13.0	0.0	0.0	0.0	0.0	0.0
679605	0.0	0.0	0.0	0.0	0.0	0.0	0.0	0.0	0.0
4395995	0.0	0.0	99.0	390.0	1.0	0.0	3.0	12.0	1.0
4445604	0.0	0.0	788.0	2084.0	0.0	117.0	0.0	0.0	0.0
137056	0.0	0.0	0.0	50.0	0.0	0.0	0.0	0.0	0.0
161154	0.0	0.0	897.0	6944.0	0.0	2.0	0.0	0.0	0.0
4369229	0.0	14.0	0.0	3.0	1.0	11.0	0.0	0.0	0.0
4128270	0.0	7.0	7.0	926.0	4.0	0.0	0.0	1.0	1.0
4322642	0.0	0.0	0.0	0.0	0.0	142.0	0.0	0.0	0.0
155221	27.0	2.0	33.0	40585.0	1.0	246.0	2.0	3.0	5.0
4389529	0.0	0.0	0.0	2.0	6.0	3.0	0.0	0.0	0.0
3691753	0.0	0.0	0.0	0.0	0.0	0.0	0.0	0.0	0.0
584176	0.0	0.0	594.0	1377.0	0.0	21.0	0.0	0.0	2.0
144589	0.0	0.0	13.0	520.0	0.0	3.0	0.0	0.0	0.0
252822	0.0	0.0	525.0	6829.0	0.0	3458.0	0.0	0.0	0.0
394796	0.0	0.0	3.0	600.0	0.0	15.0	0.0	0.0	0.0
4467400	13.0	4.0	0.0	166.0	15.0	21.0	0.0	2.0	0.0
4437318	0.0	0.0	334.0	93.0	0.0	26.0	0.0	0.0	0.0
141145	0.0	0.0	45.0	38.0	0.0	0.0	0.0	0.0	0.0
161269	0.0	0.0	116.0	23.0	0.0	0.0	0.0	0.0	0.0
4381473	0.0	0.0	319.0	1794.0	0.0	107.0	0.0	0.0	0.0
New.1.CleanUp.ReferenceOTU40941	0.0	0.0	0.0	0.0	0.0	0.0	0.0	0.0	0.0
3694331	15.0	1143.0	0.0	0.0	36.0	206.0	0.0	0.0	0.0
4457669	2.0	4.0	4.0	107.0	0.0	76.0	0.0	0.0	0.0
786067	0.0	0.0	0.0	0.0	0.0	0.0	0.0	0.0	0.0
4476862	0.0	0.0	0.0	0.0	8.0	0.0	0.0	0.0	0.0
574140	0.0	0.0	0.0	0.0	0.0	0.0	0.0	0.0	0.0
152466	0.0	0.0	0.0	0.0	0.0	0.0	0.0	0.0	0.0
206978	0.0	2.0	2.0	0.0	0.0	7.0	0.0	0.0	0.0
10418	0.0	0.0	0.0	0.0	0.0	2.0	0.0	0.0	0.0
1055222	62.0	4.0	0.0	0.0	0.0	338.0	0.0	0.0	0.0
1011502	0.0	0.0	0.0	0.0	0.0	0.0	0.0	0.0	0.0
831352	0.0	0.0	0.0	0.0	0.0	0.0	0.0	0.0	0.0
4401957	0.0	0.0	0.0	0.0	0.0	0.0	0.0	0.0	0.0
89412	11.0	0.0	0.0	0.0	0.0	0.0	0.0	0.0	0.0
4343902	0.0	1076.0	0.0	0.0	8.0	212.0	0.0	0.0	0.0
549891	0.0	35.0	0.0	0.0	11.0	0.0	0.0	0.0	0.0
2795129	0.0	0.0	0.0	0.0	0.0	0.0	0.0	0.0	0.0
213971	0.0	0.0	0.0	0.0	0.0	0.0	0.0	0.0	0.0
New.4.CleanUp.ReferenceOTU54250	0.0	0.0	0.0	0.0	0.0	0.0	0.0	0.0	0.0
New.4.CleanUp.ReferenceOTU56741	0.0	0.0	0.0	0.0	0.0	0.0	0.0	0.0	2.0
New.4.CleanUp.ReferenceOTU78249	0.0	0.0	0.0	0.0	0.0	0.0	0.0	0.0	0.0
299516	0.0	0.0	0.0	0.0	0.0	0.0	0.0	0.0	0.0
4338661	2.0	0.0	345.0	3462.0	16.0	4.0	0.0	14.0	0.0
56625	0.0	0.0	363.0	24720.0	0.0	177.0	0.0	0.0	0.0
3203828	0.0	0.0	0.0	0.0	0.0	0.0	0.0	0.0	0.0
264913	0.0	0.0	0.0	21.0	0.0	0.0	0.0	0.0	0.0
4307267	0.0	0.0	0.0	0.0	0.0	0.0	0.0	0.0	0.0
1144796	0.0	0.0	0.0	3608.0	0.0	11.0	0.0	0.0	0.0
1120835	3.0	0.0	3.0	18.0	0.0	5.0	0.0	0.0	0.0
4403866	0.0	0.0	0.0	21.0	0.0	0.0	0.0	0.0	0.0
1720567	0.0	0.0	0.0	0.0	0.0	0.0	0.0	0.0	0.0
635524	0.0	0.0	2.0	2151.0	0.0	3.0	0.0	0.0	0.0
1125065	0.0	0.0	2.0	0.0	0.0	17.0	0.0	0.0	0.0
4380901	0.0	0.0	2.0	20.0	0.0	0.0	0.0	0.0	0.0
4364814	0.0	0.0	0.0	0.0	0.0	0.0	0.0	0.0	0.0
62406	0.0	0.0	0.0	24.0	0.0	2.0	0.0	3.0	0.0
780788	0.0	0.0	0.0	9.0	0.0	4.0	0.0	0.0	0.0
61812	3.0	0.0	0.0	4.0	0.0	0.0	0.0	0.0	2.0
257203	0.0	0.0	0.0	3.0	0.0	0.0	0.0	0.0	0.0
338929	0.0	0.0	28.0	578.0	0.0	4.0	0.0	0.0	0.0
271644	2.0	5.0	0.0	0.0	1.0	0.0	0.0	0.0	2.0
651436	0.0	0.0	0.0	7.0	0.0	0.0	0.0	0.0	0.0
1143602	0.0	0.0	0.0	2.0	0.0	0.0	0.0	0.0	0.0
4455895	0.0	0.0	232.0	1789.0	0.0	10.0	0.0	0.0	0.0
788268	7.0	0.0	156.0	26.0	0.0	0.0	0.0	0.0	9.0
581921	0.0	0.0	3.0	278.0	0.0	0.0	0.0	0.0	0.0
1855596	0.0	0.0	15.0	2691.0	0.0	0.0	0.0	0.0	0.0
2654188	0.0	0.0	11.0	256.0	0.0	0.0	0.0	0.0	0.0
4477551	0.0	0.0	27.0	41.0	0.0	17.0	0.0	0.0	0.0
141976	0.0	0.0	0.0	300.0	0.0	0.0	0.0	0.0	0.0
4427114	0.0	0.0	0.0	2.0	0.0	0.0	0.0	0.0	0.0
284868	0.0	0.0	7.0	31.0	0.0	0.0	0.0	0.0	0.0
239537	0.0	0.0	17.0	2943.0	0.0	32.0	0.0	0.0	0.0
537961	2.0	0.0	3.0	440.0	0.0	5.0	0.0	0.0	0.0
4044599	0.0	0.0	0.0	22.0	0.0	0.0	0.0	0.0	0.0
277094	0.0	0.0	0.0	73.0	0.0	19.0	0.0	0.0	0.0
4462654	0.0	0.0	0.0	98.0	0.0	19.0	0.0	0.0	0.0
4338984	0.0	0.0	3.0	4.0	9.0	2.0	0.0	6.0	0.0
826658	3.0	0.0	136.0	5.0	2.0	18.0	0.0	4.0	0.0
4318815	0.0	0.0	120.0	1343.0	0.0	403.0	0.0	0.0	0.0
195864	0.0	0.0	103.0	2424.0	0.0	283.0	0.0	0.0	5.0
4464495	0.0	0.0	3.0	113.0	0.0	3.0	0.0	0.0	0.0
779751	0.0	0.0	0.0	1061.0	0.0	0.0	0.0	0.0	0.0
777237	0.0	0.0	3.0	0.0	0.0	2.0	0.0	0.0	0.0
3897979	0.0	0.0	0.0	0.0	0.0	4.0	0.0	0.0	0.0
264791	0.0	0.0	45.0	280.0	0.0	17.0	0.0	0.0	0.0
829415	0.0	0.0	230.0	9430.0	0.0	9.0	0.0	0.0	0.0
240451	0.0	0.0	107.0	552.0	0.0	4.0	0.0	0.0	0.0
4444550	0.0	0.0	0.0	6192.0	0.0	0.0	0.0	0.0	0.0
112194	0.0	4.0	262.0	123.0	0.0	0.0	0.0	0.0	0.0
4424907	0.0	0.0	123.0	157.0	0.0	6.0	0.0	0.0	0.0
152485	0.0	0.0	7.0	11.0	0.0	0.0	0.0	0.0	0.0
4411489	0.0	0.0	0.0	0.0	0.0	2.0	0.0	0.0	2.0
1584967	9.0	320.0	0.0	9.0	402.0	866.0	56.0	214.0	0.0
4441266	0.0	0.0	2.0	5.0	0.0	27.0	0.0	0.0	0.0
1889810	0.0	0.0	19.0	4703.0	0.0	0.0	0.0	0.0	1.0
7920	0.0	0.0	5.0	18.0	0.0	2.0	0.0	0.0	0.0
1532107	0.0	0.0	399.0	22630.0	0.0	152.0	0.0	0.0	0.0
241895	0.0	0.0	0.0	18.0	0.0	0.0	0.0	0.0	0.0
6374	0.0	0.0	0.0	6.0	0.0	0.0	0.0	0.0	0.0
102388	0.0	0.0	0.0	580.0	0.0	0.0	0.0	0.0	0.0
575486	0.0	0.0	0.0	7.0	0.0	0.0	0.0	0.0	0.0
233066	0.0	0.0	0.0	0.0	0.0	31.0	0.0	0.0	0.0
572586	0.0	0.0	0.0	4.0	0.0	0.0	0.0	0.0	0.0
264229	0.0	0.0	9.0	8576.0	0.0	2.0	0.0	0.0	0.0
827497	0.0	0.0	818.0	1492.0	0.0	1629.0	0.0	0.0	0.0
3745352	0.0	0.0	0.0	0.0	0.0	0.0	1.0	0.0	3.0
3614443	0.0	0.0	2.0	407.0	0.0	17.0	0.0	0.0	0.0
555725	0.0	0.0	0.0	0.0	0.0	0.0	0.0	0.0	0.0
109573	0.0	0.0	0.0	5.0	0.0	0.0	0.0	0.0	0.0
1119053	0.0	0.0	185.0	0.0	0.0	0.0	0.0	0.0	0.0
543675	0.0	0.0	0.0	9.0	0.0	0.0	3.0	0.0	0.0
4428732	0.0	0.0	8.0	97.0	0.0	2.0	0.0	0.0	0.0
New.5.CleanUp.ReferenceOTU28452	0.0	0.0	0.0	0.0	0.0	0.0	0.0	0.0	0.0
New.5.CleanUp.ReferenceOTU55286	4.0	0.0	0.0	150.0	3.0	0.0	2.0	0.0	0.0
New.5.CleanUp.ReferenceOTU62252	69.0	0.0	3.0	0.0	0.0	106.0	0.0	0.0	0.0
New.5.CleanUp.ReferenceOTU81976	0.0	0.0	0.0	2.0	0.0	0.0	0.0	0.0	0.0
New.5.CleanUp.ReferenceOTU93334	0.0	0.0	0.0	0.0	0.0	4.0	0.0	0.0	0.0
New.5.CleanUp.ReferenceOTU167726	0.0	0.0	0.0	0.0	3.0	3.0	0.0	2.0	0.0
New.5.CleanUp.ReferenceOTU195383	0.0	8.0	0.0	4.0	24.0	0.0	0.0	45.0	0.0
New.5.CleanUp.ReferenceOTU257512	0.0	0.0	0.0	0.0	4.0	5.0	0.0	2.0	0.0
New.5.CleanUp.ReferenceOTU284098	0.0	73.0	0.0	0.0	10.0	0.0	0.0	0.0	0.0
New.5.CleanUp.ReferenceOTU328310	0.0	0.0	2.0	17.0	1.0	0.0	0.0	1.0	0.0
New.5.CleanUp.ReferenceOTU350819	0.0	0.0	0.0	8.0	0.0	2.0	0.0	0.0	0.0
New.5.CleanUp.ReferenceOTU370784	0.0	0.0	0.0	5.0	0.0	0.0	0.0	0.0	0.0
New.5.CleanUp.ReferenceOTU396491	0.0	561.0	0.0	0.0	50.0	10.0	0.0	0.0	0.0
New.5.CleanUp.ReferenceOTU527489	0.0	0.0	0.0	0.0	0.0	8.0	0.0	0.0	0.0
1109030	0.0	0.0	0.0	0.0	0.0	0.0	0.0	0.0	0.0
4294646	0.0	0.0	192.0	593.0	0.0	17.0	0.0	0.0	0.0
15960	0.0	0.0	8.0	6.0	0.0	2.0	0.0	0.0	0.0
513360	0.0	0.0	53.0	2477.0	0.0	8.0	0.0	0.0	0.0
1115104	0.0	0.0	37.0	1588.0	0.0	5.0	0.0	0.0	0.0
4393724	0.0	0.0	58.0	118.0	0.0	0.0	0.0	0.0	0.0
4309134	0.0	0.0	16.0	0.0	0.0	5.0	0.0	0.0	0.0
799497	0.0	0.0	88.0	0.0	0.0	5.0	0.0	0.0	0.0
248740	3.0	0.0	2.0	22.0	0.0	9.0	0.0	0.0	0.0
39832	0.0	0.0	5242.0	2125.0	0.0	10.0	0.0	0.0	0.0
578701	2.0	0.0	2.0	226.0	0.0	0.0	0.0	0.0	0.0
4104730	0.0	0.0	8.0	2.0	0.0	0.0	0.0	0.0	0.0
698496	0.0	0.0	4.0	1187.0	2.0	3.0	0.0	0.0	0.0
4477120	63.0	0.0	18.0	0.0	0.0	2.0	0.0	0.0	0.0
1137749	0.0	0.0	1228.0	1764.0	0.0	12.0	1.0	0.0	16.0
4466196	0.0	0.0	30.0	0.0	1.0	0.0	0.0	7.0	0.0
4316726	0.0	0.0	4.0	313.0	0.0	0.0	0.0	0.0	0.0
4301491	0.0	0.0	34.0	6.0	0.0	51.0	0.0	0.0	0.0
3423513	3.0	2.0	2.0	0.0	55.0	8.0	749.0	8.0	40.0
63696	87.0	0.0	858.0	97.0	0.0	0.0	3.0	0.0	71.0
568436	0.0	0.0	47.0	2.0	0.0	0.0	0.0	0.0	0.0
919466	0.0	0.0	77.0	4.0	0.0	151.0	0.0	0.0	0.0
2675752	0.0	0.0	679.0	30.0	0.0	5.0	0.0	0.0	0.0
328765	0.0	0.0	5.0	3.0	0.0	7.0	0.0	0.0	0.0
136453	0.0	0.0	12.0	65.0	0.0	0.0	0.0	0.0	0.0
750320	0.0	0.0	4748.0	40.0	0.0	17.0	0.0	0.0	0.0
28089	0.0	0.0	9232.0	281.0	0.0	11.0	0.0	0.0	0.0
956334	0.0	0.0	16.0	0.0	0.0	0.0	0.0	0.0	0.0
New.7.CleanUp.ReferenceOTU36342	99.0	0.0	9.0	557.0	2.0	34.0	59.0	1.0	23.0
New.7.CleanUp.ReferenceOTU66593	0.0	0.0	2.0	2.0	0.0	0.0	0.0	0.0	0.0
New.7.CleanUp.ReferenceOTU119570	80.0	0.0	276.0	6.0	0.0	0.0	0.0	0.0	2.0
New.7.CleanUp.ReferenceOTU153570	0.0	0.0	13.0	0.0	0.0	3.0	0.0	0.0	0.0
New.7.CleanUp.ReferenceOTU173727	0.0	0.0	3.0	0.0	2.0	0.0	0.0	0.0	0.0
New.7.CleanUp.ReferenceOTU185892	10.0	7.0	3.0	50.0	11.0	216.0	0.0	12.0	2.0
New.7.CleanUp.ReferenceOTU187058	42.0	0.0	3.0	15.0	3.0	3.0	1.0	0.0	3.0
New.7.CleanUp.ReferenceOTU246283	14.0	51.0	2.0	146.0	46.0	88.0	8.0	2.0	77.0
New.7.CleanUp.ReferenceOTU252558	0.0	3.0	6.0	15.0	2.0	0.0	0.0	1.0	0.0
New.7.CleanUp.ReferenceOTU256861	0.0	0.0	2.0	0.0	0.0	0.0	0.0	0.0	0.0
4429716	0.0	0.0	0.0	0.0	0.0	44.0	0.0	0.0	0.0
4364469	0.0	0.0	0.0	0.0	0.0	0.0	0.0	0.0	0.0
4424239	0.0	0.0	0.0	0.0	0.0	0.0	1.0	0.0	2.0
4384856	0.0	0.0	0.0	0.0	0.0	14.0	0.0	0.0	0.0
4448928	0.0	0.0	0.0	0.0	0.0	35.0	0.0	0.0	0.0
159973	0.0	0.0	0.0	2.0	0.0	0.0	0.0	0.0	0.0
4328482	0.0	0.0	0.0	0.0	0.0	0.0	0.0	0.0	7.0
821119	0.0	0.0	0.0	8.0	0.0	9.0	0.0	0.0	0.0
3244896	0.0	0.0	0.0	0.0	0.0	0.0	0.0	0.0	0.0
903886	0.0	0.0	0.0	0.0	0.0	0.0	0.0	0.0	0.0
287813	4.0	0.0	0.0	0.0	0.0	0.0	20.0	0.0	34.0
4404109	0.0	2.0	0.0	0.0	0.0	2.0	0.0	0.0	0.0
2850749	0.0	0.0	0.0	0.0	0.0	0.0	0.0	0.0	0.0
849440	0.0	0.0	0.0	0.0	0.0	0.0	0.0	0.0	0.0
1148151	0.0	0.0	0.0	0.0	0.0	0.0	14.0	0.0	1.0
316732	0.0	0.0	0.0	0.0	0.0	0.0	1.0	0.0	1.0
3110915	0.0	0.0	0.0	0.0	0.0	0.0	0.0	0.0	2.0
4302300	0.0	0.0	0.0	45.0	0.0	48.0	0.0	0.0	0.0
13024	0.0	0.0	0.0	0.0	0.0	47.0	0.0	0.0	0.0
2772794	0.0	0.0	0.0	0.0	0.0	0.0	0.0	0.0	0.0
823809	0.0	0.0	0.0	72.0	0.0	9.0	0.0	0.0	0.0
4431608	0.0	0.0	0.0	0.0	0.0	0.0	0.0	0.0	0.0
111129	0.0	0.0	0.0	0.0	0.0	12.0	0.0	0.0	0.0
14592	0.0	0.0	0.0	7.0	0.0	340.0	0.0	0.0	0.0
993455	0.0	0.0	0.0	0.0	0.0	0.0	0.0	0.0	0.0
New.9.CleanUp.ReferenceOTU43792	0.0	2.0	0.0	0.0	0.0	0.0	1.0	0.0	0.0
New.9.CleanUp.ReferenceOTU125896	3.0	73.0	0.0	7.0	17.0	2.0	0.0	6.0	0.0
New.9.CleanUp.ReferenceOTU132755	0.0	0.0	0.0	0.0	0.0	2.0	0.0	0.0	0.0
New.9.CleanUp.ReferenceOTU182843	0.0	0.0	0.0	0.0	0.0	0.0	0.0	0.0	0.0
New.11.CleanUp.ReferenceOTU76228	0.0	0.0	0.0	0.0	0.0	0.0	0.0	0.0	0.0
820543	0.0	0.0	0.0	0.0	0.0	0.0	0.0	0.0	0.0
3201462	0.0	0.0	0.0	0.0	0.0	0.0	0.0	0.0	0.0
2188623	0.0	0.0	0.0	0.0	0.0	0.0	0.0	0.0	0.0
4460895	0.0	0.0	0.0	0.0	0.0	3.0	0.0	0.0	0.0
4308446	0.0	0.0	0.0	0.0	0.0	0.0	0.0	0.0	0.0
4372695	0.0	0.0	0.0	0.0	0.0	0.0	0.0	0.0	0.0
616997	0.0	0.0	0.0	0.0	0.0	6.0	0.0	0.0	0.0
New.12.CleanUp.ReferenceOTU144840	0.0	0.0	0.0	0.0	0.0	0.0	0.0	0.0	0.0
New.12.CleanUp.ReferenceOTU146129	0.0	0.0	0.0	0.0	0.0	0.0	0.0	0.0	0.0
2940299	0.0	0.0	0.0	0.0	0.0	4.0	0.0	0.0	0.0
511129	0.0	0.0	0.0	0.0	0.0	0.0	0.0	0.0	0.0
New.13.CleanUp.ReferenceOTU30545	0.0	0.0	0.0	21.0	3.0	0.0	0.0	0.0	0.0
New.13.CleanUp.ReferenceOTU513670	0.0	0.0	0.0	0.0	0.0	0.0	0.0	0.0	0.0
New.13.CleanUp.ReferenceOTU516929	0.0	0.0	0.0	0.0	0.0	45.0	0.0	0.0	0.0
4360991	0.0	0.0	0.0	0.0	0.0	19.0	0.0	0.0	0.0
592398	0.0	0.0	0.0	13.0	0.0	417.0	0.0	0.0	0.0
557526	0.0	0.0	0.0	18.0	0.0	5.0	0.0	0.0	0.0
2221290	0.0	0.0	0.0	0.0	0.0	37.0	0.0	0.0	0.0
New.19.CleanUp.ReferenceOTU3126	0.0	0.0	0.0	6.0	0.0	2.0	0.0	0.0	0.0
New.19.CleanUp.ReferenceOTU3972	0.0	0.0	0.0	0.0	0.0	3.0	0.0	0.0	0.0
New.19.CleanUp.ReferenceOTU8278	0.0	0.0	0.0	0.0	0.0	6.0	0.0	0.0	0.0
New.19.CleanUp.ReferenceOTU8353	0.0	0.0	0.0	0.0	0.0	11.0	0.0	0.0	0.0
New.19.CleanUp.ReferenceOTU14939	0.0	0.0	0.0	6.0	0.0	3.0	0.0	0.0	0.0
New.19.CleanUp.ReferenceOTU16224	0.0	2.0	0.0	0.0	0.0	2.0	0.0	0.0	0.0
New.19.CleanUp.ReferenceOTU21714	0.0	0.0	0.0	0.0	0.0	5.0	0.0	0.0	0.0
New.19.CleanUp.ReferenceOTU26467	0.0	0.0	0.0	2.0	0.0	2.0	0.0	0.0	0.0
New.19.CleanUp.ReferenceOTU36857	0.0	0.0	0.0	0.0	0.0	2.0	0.0	0.0	0.0
New.19.CleanUp.ReferenceOTU38993	0.0	0.0	0.0	0.0	0.0	3.0	0.0	0.0	0.0
541328	0.0	0.0	0.0	0.0	0.0	0.0	0.0	0.0	0.0
13900	0.0	0.0	0.0	0.0	0.0	0.0	0.0	0.0	0.0
159911	0.0	0.0	0.0	0.0	0.0	0.0	0.0	0.0	0.0
950606	0.0	0.0	0.0	15.0	0.0	0.0	0.0	0.0	0.0
161579	0.0	0.0	0.0	0.0	0.0	0.0	14.0	0.0	23.0
New.24.CleanUp.ReferenceOTU12645	9.0	0.0	0.0	77.0	0.0	0.0	0.0	0.0	2.0
New.24.CleanUp.ReferenceOTU38683	24.0	31.0	0.0	0.0	0.0	2.0	0.0	0.0	9.0
546802	0.0	0.0	0.0	0.0	0.0	0.0	0.0	0.0	0.0
4413357	0.0	0.0	0.0	0.0	0.0	0.0	0.0	0.0	0.0
968391	12.0	0.0	0.0	506.0	0.0	0.0	0.0	0.0	0.0
2234838	0.0	0.0	0.0	0.0	0.0	0.0	0.0	0.0	0.0
257496	0.0	0.0	0.0	0.0	0.0	8.0	0.0	0.0	0.0
289599	0.0	0.0	0.0	0.0	0.0	0.0	2.0	0.0	3.0
3696	0.0	0.0	0.0	0.0	0.0	0.0	0.0	0.0	0.0
519568	0.0	0.0	0.0	0.0	0.0	0.0	0.0	0.0	0.0
1132905	0.0	0.0	0.0	0.0	0.0	0.0	0.0	0.0	0.0
New.28.CleanUp.ReferenceOTU355847	0.0	0.0	0.0	0.0	0.0	0.0	0.0	0.0	0.0
New.28.CleanUp.ReferenceOTU551117	0.0	0.0	0.0	0.0	0.0	0.0	0.0	0.0	0.0
254640	24.0	0.0	0.0	0.0	0.0	729.0	0.0	0.0	0.0
4380668	0.0	0.0	0.0	0.0	0.0	3.0	0.0	0.0	0.0
141021	0.0	0.0	0.0	0.0	0.0	65.0	0.0	0.0	0.0
New.33.CleanUp.ReferenceOTU25588	0.0	0.0	0.0	0.0	0.0	2.0	0.0	0.0	0.0
New.36.CleanUp.ReferenceOTU478948	0.0	0.0	0.0	0.0	0.0	0.0	0.0	0.0	0.0
New.36.CleanUp.ReferenceOTU938882	0.0	0.0	0.0	0.0	0.0	0.0	0.0	0.0	0.0
New.36.CleanUp.ReferenceOTU1183812	0.0	0.0	0.0	0.0	0.0	0.0	0.0	0.0	0.0
New.36.CleanUp.ReferenceOTU1382703	0.0	0.0	0.0	0.0	0.0	0.0	0.0	0.0	0.0
New.38.CleanUp.ReferenceOTU85280	0.0	3.0	0.0	0.0	0.0	0.0	0.0	0.0	0.0
1010113	0.0	0.0	0.0	2.0	0.0	0.0	0.0	0.0	0.0
4480598	0.0	0.0	0.0	0.0	0.0	0.0	0.0	0.0	0.0
830475	0.0	0.0	0.0	5.0	0.0	0.0	0.0	0.0	0.0
1127819	0.0	0.0	0.0	30.0	0.0	0.0	0.0	0.0	0.0
New.42.CleanUp.ReferenceOTU24973	0.0	0.0	0.0	0.0	0.0	0.0	0.0	0.0	0.0
New.42.CleanUp.ReferenceOTU25644	0.0	0.0	0.0	0.0	0.0	0.0	2.0	0.0	1.0
New.42.CleanUp.ReferenceOTU91488	0.0	0.0	0.0	0.0	0.0	0.0	0.0	0.0	2.0
New.42.CleanUp.ReferenceOTU370442	0.0	0.0	0.0	0.0	0.0	0.0	0.0	0.0	1.0
New.42.CleanUp.ReferenceOTU382938	0.0	0.0	0.0	0.0	0.0	0.0	33.0	0.0	61.0
141278	0.0	0.0	0.0	0.0	0.0	0.0	3.0	0.0	0.0
New.45.CleanUp.ReferenceOTU89862	0.0	0.0	0.0	0.0	0.0	0.0	1.0	0.0	0.0
29714	0.0	0.0	0.0	0.0	0.0	0.0	0.0	0.0	0.0
16013	0.0	0.0	0.0	0.0	0.0	0.0	0.0	0.0	0.0
960076	0.0	0.0	0.0	15.0	0.0	0.0	0.0	0.0	0.0
508943	0.0	0.0	0.0	0.0	0.0	0.0	0.0	0.0	0.0
245495	0.0	0.0	0.0	4.0	0.0	0.0	0.0	0.0	0.0
824855	0.0	0.0	0.0	0.0	0.0	0.0	0.0	0.0	0.0
New.52.CleanUp.ReferenceOTU8235	0.0	0.0	0.0	0.0	0.0	0.0	0.0	0.0	0.0
New.52.CleanUp.ReferenceOTU21326	0.0	0.0	0.0	8.0	0.0	0.0	0.0	0.0	0.0
New.52.CleanUp.ReferenceOTU27360	0.0	0.0	0.0	0.0	0.0	0.0	0.0	0.0	0.0
New.52.CleanUp.ReferenceOTU32466	0.0	0.0	0.0	0.0	0.0	0.0	0.0	0.0	0.0
New.52.CleanUp.ReferenceOTU39319	0.0	0.0	0.0	0.0	0.0	0.0	0.0	0.0	0.0
New.52.CleanUp.ReferenceOTU59664	0.0	0.0	0.0	3.0	0.0	0.0	0.0	0.0	0.0
New.52.CleanUp.ReferenceOTU85919	0.0	0.0	0.0	0.0	0.0	0.0	0.0	0.0	0.0
New.52.CleanUp.ReferenceOTU144875	0.0	0.0	0.0	0.0	0.0	0.0	0.0	0.0	0.0
New.53.CleanUp.ReferenceOTU131085	0.0	0.0	0.0	379.0	0.0	0.0	0.0	0.0	0.0
New.53.CleanUp.ReferenceOTU191242	0.0	0.0	0.0	12.0	0.0	0.0	0.0	0.0	0.0
New.53.CleanUp.ReferenceOTU523671	0.0	0.0	0.0	29.0	0.0	0.0	0.0	0.0	0.0
New.53.CleanUp.ReferenceOTU533672	0.0	0.0	0.0	3.0	0.0	0.0	0.0	0.0	0.0
New.53.CleanUp.ReferenceOTU826098	0.0	0.0	0.0	2.0	0.0	0.0	0.0	0.0	0.0
New.53.CleanUp.ReferenceOTU849737	0.0	0.0	0.0	9.0	0.0	0.0	0.0	0.0	0.0
New.53.CleanUp.ReferenceOTU971696	0.0	0.0	0.0	4.0	0.0	0.0	0.0	0.0	0.0
New.53.CleanUp.ReferenceOTU1121460	0.0	0.0	0.0	3.0	0.0	0.0	0.0	0.0	0.0
77193	0.0	0.0	0.0	8.0	0.0	0.0	0.0	0.0	0.0
142346	0.0	0.0	0.0	5.0	0.0	0.0	0.0	0.0	0.0
New.59.ReferenceOTU2700	0.0	0.0	0.0	2.0	0.0	0.0	0.0	0.0	0.0
New.59.CleanUp.ReferenceOTU5921	0.0	0.0	0.0	2.0	0.0	0.0	0.0	0.0	0.0
New.59.CleanUp.ReferenceOTU14056	0.0	0.0	0.0	3.0	0.0	0.0	0.0	0.0	0.0
New.59.CleanUp.ReferenceOTU36879	0.0	0.0	0.0	20.0	0.0	0.0	0.0	0.0	0.0
New.59.CleanUp.ReferenceOTU71157	0.0	0.0	0.0	2.0	0.0	0.0	0.0	0.0	0.0
New.59.CleanUp.ReferenceOTU167926	0.0	0.0	0.0	15.0	0.0	0.0	0.0	0.0	0.0
New.59.CleanUp.ReferenceOTU219830	0.0	0.0	0.0	4.0	0.0	0.0	0.0	0.0	0.0
New.59.CleanUp.ReferenceOTU220271	0.0	0.0	0.0	2.0	0.0	0.0	0.0	0.0	0.0
New.59.CleanUp.ReferenceOTU288665	0.0	0.0	0.0	7.0	0.0	0.0	0.0	0.0	0.0
New.59.CleanUp.ReferenceOTU294692	0.0	0.0	0.0	2.0	0.0	0.0	0.0	0.0	0.0
New.59.CleanUp.ReferenceOTU385905	0.0	0.0	0.0	2.0	0.0	0.0	0.0	0.0	0.0
New.59.CleanUp.ReferenceOTU403605	0.0	0.0	0.0	14.0	0.0	0.0	0.0	0.0	0.0
New.59.CleanUp.ReferenceOTU406055	0.0	0.0	0.0	8.0	0.0	0.0	0.0	0.0	0.0
New.59.CleanUp.ReferenceOTU454412	0.0	0.0	0.0	2.0	0.0	0.0	0.0	0.0	0.0
New.59.CleanUp.ReferenceOTU512154	0.0	0.0	0.0	2.0	0.0	0.0	0.0	0.0	0.0
New.59.CleanUp.ReferenceOTU568386	0.0	0.0	0.0	3.0	0.0	0.0	0.0	0.0	0.0
New.59.CleanUp.ReferenceOTU582834	0.0	0.0	0.0	55.0	0.0	0.0	0.0	0.0	0.0
New.59.CleanUp.ReferenceOTU602796	0.0	0.0	0.0	7.0	0.0	0.0	0.0	0.0	0.0
New.59.CleanUp.ReferenceOTU610900	0.0	0.0	0.0	2.0	0.0	0.0	0.0	0.0	0.0
New.59.CleanUp.ReferenceOTU733275	0.0	0.0	0.0	2.0	0.0	0.0	0.0	0.0	0.0
New.59.CleanUp.ReferenceOTU785688	0.0	0.0	0.0	2.0	0.0	0.0	0.0	0.0	0.0
New.59.CleanUp.ReferenceOTU792497	0.0	0.0	0.0	17.0	0.0	0.0	0.0	0.0	0.0
New.59.CleanUp.ReferenceOTU829841	0.0	0.0	0.0	4.0	0.0	0.0	0.0	0.0	0.0
New.59.CleanUp.ReferenceOTU859884	0.0	0.0	0.0	2.0	0.0	0.0	0.0	0.0	0.0
New.59.CleanUp.ReferenceOTU873917	0.0	0.0	0.0	2.0	0.0	0.0	0.0	0.0	0.0
New.59.CleanUp.ReferenceOTU874861	0.0	0.0	0.0	2.0	0.0	0.0	0.0	0.0	0.0
New.59.CleanUp.ReferenceOTU905875	0.0	0.0	0.0	2.0	0.0	0.0	0.0	0.0	0.0
New.59.CleanUp.ReferenceOTU920903	0.0	0.0	0.0	9.0	0.0	0.0	0.0	0.0	0.0
New.59.CleanUp.ReferenceOTU990105	0.0	0.0	0.0	23.0	0.0	0.0	0.0	0.0	0.0
New.59.CleanUp.ReferenceOTU1055532	0.0	0.0	0.0	7.0	0.0	0.0	0.0	0.0	0.0
New.59.CleanUp.ReferenceOTU1069293	0.0	0.0	0.0	2.0	0.0	0.0	0.0	0.0	0.0
New.59.CleanUp.ReferenceOTU1072262	0.0	0.0	0.0	7.0	0.0	0.0	0.0	0.0	0.0
New.59.CleanUp.ReferenceOTU1150846	0.0	0.0	0.0	2.0	0.0	0.0	0.0	0.0	0.0
New.59.CleanUp.ReferenceOTU1221851	0.0	0.0	0.0	5.0	0.0	0.0	0.0	0.0	0.0
New.59.CleanUp.ReferenceOTU1253833	0.0	0.0	0.0	9.0	0.0	0.0	0.0	0.0	0.0
New.59.CleanUp.ReferenceOTU1260109	0.0	0.0	0.0	3.0	0.0	0.0	0.0	0.0	0.0
New.59.CleanUp.ReferenceOTU1330879	0.0	0.0	0.0	10.0	0.0	0.0	0.0	0.0	0.0
New.59.CleanUp.ReferenceOTU1385911	0.0	0.0	0.0	97.0	0.0	0.0	0.0	0.0	0.0
New.59.CleanUp.ReferenceOTU1396002	0.0	0.0	0.0	3.0	0.0	0.0	0.0	0.0	0.0
New.59.CleanUp.ReferenceOTU1399481	0.0	0.0	0.0	2.0	0.0	0.0	0.0	0.0	0.0
New.59.CleanUp.ReferenceOTU1407014	0.0	0.0	0.0	2.0	0.0	0.0	0.0	0.0	0.0
New.59.CleanUp.ReferenceOTU1481861	0.0	0.0	0.0	3.0	0.0	0.0	0.0	0.0	0.0
New.59.CleanUp.ReferenceOTU1505721	0.0	0.0	0.0	2.0	0.0	0.0	0.0	0.0	0.0
New.59.CleanUp.ReferenceOTU1527812	0.0	0.0	0.0	4.0	0.0	0.0	0.0	0.0	0.0
New.59.CleanUp.ReferenceOTU1569744	0.0	0.0	0.0	2.0	0.0	0.0	0.0	0.0	0.0
New.59.CleanUp.ReferenceOTU1677754	0.0	0.0	0.0	2.0	0.0	0.0	0.0	0.0	0.0
New.59.CleanUp.ReferenceOTU1691644	0.0	0.0	0.0	2.0	0.0	0.0	0.0	0.0	0.0
